1(2.0000000000e-14 2.4617600000e+06 7.1265310000e+06)
2(2.4000000000e-14 3.9465290000e+06 4.6989070000e+06)
3(3.0000000000e-14 4.5173600000e+05 2.8878410000e+06)
4(1.6000000000e-14 3.1487910000e+06 3.8517540000e+06)
5(5.0000000000e-15 2.0248990000e+06 1.8403670000e+06)
6(1.8000000000e-14 4.8130300000e+05 2.2479270000e+06)
7(1.8000000000e-14 2.0283280000e+06 4.1015150000e+06)
8(1.0000000000e-14 4.0794890000e+06 4.2533280000e+06)
9(2.3000000000e-14 3.6737820000e+06 4.8087770000e+06)
10(5.0000000000e-15 8.3285800000e+05 7.0124500000e+05)
11(3.1000000000e-14 1.0719560000e+06 4.0946040000e+06)
12(9.0000000000e-15 1.5513300000e+05 7.0827370000e+06)
13(2.2000000000e-14 2.5913300000e+05 4.4072400000e+06)
14(1.5000000000e-14 3.2003520000e+06 3.7417420000e+06)
15(2.1000000000e-14 5.6053360000e+06 5.8541870000e+06)
16(3.2000000000e-14 1.8313900000e+05 3.6013940000e+06)
17(2.9000000000e-14 5.0245350000e+06 6.4189060000e+06)
18(2.7000000000e-14 2.1074550000e+06 2.9221840000e+06)
19(3.2000000000e-14 3.7303700000e+06 6.7210920000e+06)
20(2.7000000000e-14 3.3259830000e+06 5.8109430000e+06)
21(2.5000000000e-14 4.9296820000e+06 6.6683280000e+06)
22(7.0000000000e-15 1.4436480000e+06 7.5066360000e+06)
23(1.0000000000e-14 2.9478310000e+06 5.3037700000e+06)
24(1.7000000000e-14 2.3441680000e+06 4.0847230000e+06)
25(2.0000000000e-14 5.9596860000e+06 5.1876240000e+06)
26(3.0000000000e-15 2.6194100000e+06 3.5713590000e+06)
27(5.0000000000e-15 9.8864000000e+04 2.0306640000e+06)
28(1.8000000000e-14 4.0253900000e+05 2.4827500000e+06)
29(2.6000000000e-14 3.9436440000e+06 3.5393400000e+06)
30(1.1000000000e-14 9.1705000000e+05 4.0216250000e+06)
31(1.0000000000e-14 1.2094850000e+06 4.5235330000e+06)
32(1.7000000000e-14 8.0076300000e+05 2.6423870000e+06)
33(3.2000000000e-14 3.3579000000e+06 2.1961800000e+05)
34(1.2000000000e-14 4.8226100000e+05 5.9911400000e+06)
35(1.6000000000e-14 2.8399300000e+06 4.3338960000e+06)
36(2.4000000000e-14 3.3867940000e+06 7.1353210000e+06)
37(1.6000000000e-14 4.6579570000e+06 4.8415960000e+06)
38(3.0000000000e-15 2.9039950000e+06 7.0402650000e+06)
39(8.0000000000e-15 6.0482290000e+06 5.6793940000e+06)
40(1.2000000000e-14 6.1406900000e+05 4.7714810000e+06)
41(2.7000000000e-14 3.7745000000e+06 4.1760700000e+06)
42(1.1000000000e-14 7.2403900000e+05 2.7207420000e+06)
43(1.0000000000e-14 2.0977590000e+06 1.7576900000e+06)
44(2.5000000000e-14 5.3475290000e+06 4.0134680000e+06)
45(1.6000000000e-14 2.2864750000e+06 7.1660990000e+06)
46(6.0000000000e-15 3.1109790000e+06 1.8460190000e+06)
47(3.1000000000e-14 6.4156800000e+05 5.9152670000e+06)
48(8.0000000000e-15 7.0886310000e+06 6.7747980000e+06)
49(3.2000000000e-14 2.8365910000e+06 7.5057400000e+05)
50(1.6000000000e-14 3.9153670000e+06 2.3663740000e+06)
51(1.0000000000e-14 7.6154040000e+06 5.5781760000e+06)
52(1.1000000000e-14 7.9498890000e+06 5.8289790000e+06)
53(2.2000000000e-14 1.7811740000e+06 2.2900530000e+06)
54(2.7000000000e-14 1.8066560000e+06 2.4545300000e+05)
55(3.0000000000e-14 4.1149790000e+06 4.1499000000e+06)
56(2.0000000000e-14 2.9388800000e+05 3.3123210000e+06)
57(1.7000000000e-14 3.7078090000e+06 5.4959390000e+06)
58(6.0000000000e-15 3.8913460000e+06 2.7551640000e+06)
59(4.0000000000e-15 6.5397000000e+04 2.9145140000e+06)
60(2.9000000000e-14 4.3091070000e+06 4.0310760000e+06)
61(2.2000000000e-14 2.2670490000e+06 6.1431080000e+06)
62(2.9000000000e-14 7.5836330000e+06 5.2626710000e+06)
63(3.0000000000e-14 2.7870090000e+06 2.2466110000e+06)
64(1.2000000000e-14 1.0110660000e+06 3.4607790000e+06)
65(1.8000000000e-14 4.5015700000e+05 5.8786420000e+06)
66(1.2000000000e-14 1.0397600000e+06 4.9647260000e+06)
67(7.0000000000e-15 3.4524790000e+06 8.5354300000e+05)
68(1.0000000000e-14 5.9864740000e+06 5.3255500000e+06)
69(5.0000000000e-15 6.3419650000e+06 5.6762780000e+06)
70(1.5000000000e-14 4.2358070000e+06 7.8280610000e+06)
71(8.0000000000e-15 3.9640180000e+06 2.4278160000e+06)
72(2.4000000000e-14 2.9234390000e+06 3.6798870000e+06)
73(3.0000000000e-14 3.3572620000e+06 5.0402200000e+05)
74(3.0000000000e-14 3.8872020000e+06 7.2935960000e+06)
75(3.2000000000e-14 4.0117440000e+06 7.5829330000e+06)
76(2.6000000000e-14 2.5907100000e+05 1.5691910000e+06)
77(3.2000000000e-14 4.0509300000e+05 1.4386340000e+06)
78(1.1000000000e-14 6.3960600000e+06 4.7104970000e+06)
79(3.0000000000e-14 7.6594000000e+05 7.9318100000e+06)
80(9.0000000000e-15 2.0925160000e+06 7.4219230000e+06)
81(2.5000000000e-14 2.2668000000e+06 5.8360320000e+06)
82(2.0000000000e-14 3.7132860000e+06 6.5147110000e+06)
83(1.7000000000e-14 4.2487410000e+06 5.0367390000e+06)
84(2.7000000000e-14 3.4000500000e+06 2.5453960000e+06)
85(6.0000000000e-15 5.5715240000e+06 6.7027820000e+06)
86(5.0000000000e-15 7.0342000000e+06 6.5969220000e+06)
87(2.4000000000e-14 5.5172000000e+05 9.4907900000e+05)
88(3.0000000000e-15 5.3154640000e+06 4.7683380000e+06)
89(3.1000000000e-14 3.0228830000e+06 3.4147300000e+05)
90(2.3000000000e-14 6.9616210000e+06 5.5233900000e+06)
91(1.8000000000e-14 3.0090250000e+06 6.7327200000e+05)
92(2.2000000000e-14 1.9584450000e+06 1.3316090000e+06)
93(1.9000000000e-14 1.3543400000e+05 7.8950230000e+06)
94(1.5000000000e-14 2.6154300000e+05 6.9949380000e+06)
95(2.7000000000e-14 4.3027930000e+06 5.1785570000e+06)
96(2.7000000000e-14 1.7433780000e+06 2.6720000000e+05)
97(3.2000000000e-14 5.1229980000e+06 7.6623660000e+06)
98(2.2000000000e-14 7.9999600000e+05 6.3980770000e+06)
99(2.5000000000e-14 3.5477500000e+06 7.0334870000e+06)
100(1.6000000000e-14 2.6755520000e+06 6.3478910000e+06)
101(2.8000000000e-14 2.8181080000e+06 2.8426510000e+06)
102(1.0000000000e-14 2.6259560000e+06 2.5019290000e+06)
103(2.3000000000e-14 2.2997520000e+06 6.9105000000e+04)
104(2.7000000000e-14 2.2400900000e+05 1.7540980000e+06)
105(2.8000000000e-14 1.0145160000e+06 2.2655500000e+06)
106(3.1000000000e-14 2.8570960000e+06 5.6610160000e+06)
107(3.1000000000e-14 2.2865020000e+06 4.4769060000e+06)
108(1.9000000000e-14 1.3331880000e+06 7.3559690000e+06)
109(2.9000000000e-14 6.7494000000e+05 5.5904000000e+05)
110(2.3000000000e-14 3.4260220000e+06 2.4425810000e+06)
111(1.0000000000e-14 2.7503330000e+06 8.8196400000e+05)
112(2.1000000000e-14 2.3357310000e+06 7.9510010000e+06)
113(3.1000000000e-14 2.1264910000e+06 3.0485980000e+06)
114(1.1000000000e-14 1.3299270000e+06 3.2663730000e+06)
115(2.5000000000e-14 1.4525600000e+06 2.8800600000e+05)
116(1.5000000000e-14 5.7150700000e+05 5.5452310000e+06)
117(8.0000000000e-15 3.4407500000e+06 3.4984060000e+06)
118(2.0000000000e-14 1.9956980000e+06 5.0714740000e+06)
119(7.0000000000e-15 7.6908660000e+06 5.2714570000e+06)
120(1.0000000000e-14 7.6612500000e+05 5.9106880000e+06)
121(1.6000000000e-14 3.7308780000e+06 5.6065040000e+06)
122(2.5000000000e-14 8.3254300000e+05 1.5230870000e+06)
123(5.0000000000e-15 4.4198060000e+06 7.2101150000e+06)
124(1.2000000000e-14 6.6997560000e+06 6.2807010000e+06)
125(1.8000000000e-14 3.7607010000e+06 2.6938690000e+06)
126(1.7000000000e-14 3.6929640000e+06 3.2453080000e+06)
127(7.0000000000e-15 8.3332100000e+05 1.6257380000e+06)
128(1.4000000000e-14 3.3524730000e+06 7.8792910000e+06)
129(1.4000000000e-14 9.1079000000e+04 4.1958600000e+06)
130(8.0000000000e-15 8.7584000000e+05 1.7952710000e+06)
131(1.5000000000e-14 5.4078610000e+06 7.5330330000e+06)
132(3.1000000000e-14 8.6121000000e+05 6.6000960000e+06)
133(2.2000000000e-14 4.2779060000e+06 6.5908440000e+06)
134(6.0000000000e-15 3.8692710000e+06 4.1962650000e+06)
135(1.4000000000e-14 2.8534250000e+06 6.8066940000e+06)
136(3.0000000000e-15 2.5791580000e+06 4.7029130000e+06)
137(2.5000000000e-14 3.5059100000e+05 7.4029940000e+06)
138(1.2000000000e-14 1.6102250000e+06 2.2092000000e+05)
139(3.0000000000e-15 6.9237100000e+05 6.0403590000e+06)
140(2.0000000000e-14 3.2824610000e+06 9.0317400000e+05)
141(2.4000000000e-14 1.8420010000e+06 2.1153790000e+06)
142(1.0000000000e-14 1.2794170000e+06 2.7097150000e+06)
143(2.5000000000e-14 2.1539750000e+06 5.8238920000e+06)
144(3.0000000000e-14 3.8598380000e+06 4.3932300000e+06)
145(7.0000000000e-15 4.3327300000e+06 6.5237340000e+06)
146(1.0000000000e-14 2.8573000000e+05 7.2969710000e+06)
147(3.2000000000e-14 6.0530400000e+05 2.2169600000e+05)
148(1.4000000000e-14 2.4115830000e+06 1.3119600000e+05)
149(2.6000000000e-14 2.0680080000e+06 5.7208700000e+05)
150(2.3000000000e-14 3.8558920000e+06 1.6132820000e+06)
151(1.4000000000e-14 4.8511810000e+06 5.3258630000e+06)
152(8.0000000000e-15 6.7774880000e+06 5.2836870000e+06)
153(3.2000000000e-14 3.8812400000e+06 2.6984290000e+06)
154(1.7000000000e-14 3.0312010000e+06 4.6583000000e+05)
155(2.7000000000e-14 1.4730180000e+06 7.5260050000e+06)
156(2.5000000000e-14 6.5543760000e+06 4.3169400000e+06)
157(2.1000000000e-14 2.9491780000e+06 4.5957480000e+06)
158(1.7000000000e-14 1.6347900000e+05 6.9176640000e+06)
159(2.2000000000e-14 3.3586580000e+06 2.5377590000e+06)
160(2.1000000000e-14 5.2576520000e+06 6.7807000000e+06)
161(2.9000000000e-14 9.5554100000e+05 1.2005510000e+06)
162(9.0000000000e-15 9.7121900000e+05 3.7268330000e+06)
163(2.0000000000e-14 2.5818530000e+06 7.4025230000e+06)
164(2.9000000000e-14 2.2611030000e+06 4.8780370000e+06)
165(8.0000000000e-15 3.4690230000e+06 1.5904630000e+06)
166(2.0000000000e-14 3.2069510000e+06 2.6850500000e+06)
167(1.2000000000e-14 5.4699240000e+06 4.9943300000e+06)
168(2.9000000000e-14 4.3125710000e+06 5.2831680000e+06)
169(3.1000000000e-14 5.7700420000e+06 5.0925450000e+06)
170(1.7000000000e-14 1.7154910000e+06 1.9624570000e+06)
171(2.4000000000e-14 4.9018300000e+06 4.4742710000e+06)
172(7.0000000000e-15 1.3587190000e+06 1.1636450000e+06)
173(9.0000000000e-15 2.9344360000e+06 3.5616650000e+06)
174(2.2000000000e-14 1.5079890000e+06 1.3534500000e+05)
175(9.0000000000e-15 5.8682860000e+06 5.2965690000e+06)
176(9.0000000000e-15 3.5156310000e+06 1.3329140000e+06)
177(1.0000000000e-14 4.8253270000e+06 5.5885500000e+06)
178(2.1000000000e-14 3.5399370000e+06 3.0803040000e+06)
179(1.4000000000e-14 1.6125100000e+05 9.8475900000e+05)
180(2.6000000000e-14 1.4183350000e+06 2.6971100000e+06)
181(6.0000000000e-15 3.7767710000e+06 9.9043500000e+05)
182(2.9000000000e-14 3.9904290000e+06 7.2944950000e+06)
183(1.4000000000e-14 2.4513900000e+06 3.2426030000e+06)
184(1.9000000000e-14 3.6170300000e+05 2.1798600000e+06)
185(3.0000000000e-14 1.9254320000e+06 2.3184310000e+06)
186(1.0000000000e-14 1.7287840000e+06 3.2764550000e+06)
187(1.3000000000e-14 3.9226860000e+06 6.9984640000e+06)
188(6.0000000000e-15 5.3855000000e+06 4.0799390000e+06)
189(2.1000000000e-14 2.5461800000e+05 1.0552400000e+05)
190(1.5000000000e-14 7.6950770000e+06 5.1987660000e+06)
191(1.9000000000e-14 3.3975990000e+06 6.5246250000e+06)
192(6.0000000000e-15 4.5122280000e+06 5.0565540000e+06)
193(2.1000000000e-14 1.9330460000e+06 5.2474890000e+06)
194(2.5000000000e-14 7.2054390000e+06 6.6887760000e+06)
195(3.0000000000e-15 1.4815000000e+04 7.4015680000e+06)
196(2.8000000000e-14 4.5880880000e+06 5.2077340000e+06)
197(6.0000000000e-15 2.1287400000e+06 7.5272920000e+06)
198(6.0000000000e-15 2.9916950000e+06 6.1001480000e+06)
199(1.6000000000e-14 1.5497560000e+06 1.9604900000e+06)
200(2.6000000000e-14 2.3569980000e+06 7.2283270000e+06)
201(1.6000000000e-14 4.7855250000e+06 7.2487450000e+06)
202(2.7000000000e-14 5.0609320000e+06 4.7798510000e+06)
203(1.3000000000e-14 5.5491300000e+06 6.3128050000e+06)
204(1.2000000000e-14 3.8883880000e+06 1.6477480000e+06)
205(9.0000000000e-15 2.4240760000e+06 1.9143160000e+06)
206(2.4000000000e-14 2.8123900000e+05 4.9369250000e+06)
207(2.4000000000e-14 4.4803010000e+06 4.6005470000e+06)
208(1.1000000000e-14 3.8710540000e+06 6.2633000000e+06)
209(3.2000000000e-14 6.8189010000e+06 4.9116130000e+06)
210(6.0000000000e-15 3.5712100000e+05 4.9278310000e+06)
211(2.2000000000e-14 3.0705130000e+06 2.4288770000e+06)
212(1.6000000000e-14 3.0324580000e+06 5.4087870000e+06)
213(2.7000000000e-14 5.2790190000e+06 7.7576610000e+06)
214(1.0000000000e-14 2.0769840000e+06 7.7250600000e+05)
215(1.4000000000e-14 2.3896300000e+05 7.2486910000e+06)
216(2.3000000000e-14 3.3548060000e+06 4.3961740000e+06)
217(1.5000000000e-14 1.3675440000e+06 4.9019540000e+06)
218(8.0000000000e-15 3.4847440000e+06 5.4957190000e+06)
219(1.8000000000e-14 1.8840740000e+06 3.5355500000e+06)
220(1.0000000000e-14 1.0485980000e+06 3.3804270000e+06)
221(2.8000000000e-14 2.1398710000e+06 6.2210520000e+06)
222(6.0000000000e-15 4.7270200000e+05 1.3821050000e+06)
223(3.2000000000e-14 1.8708240000e+06 7.4028830000e+06)
224(2.2000000000e-14 5.5274040000e+06 7.5566680000e+06)
225(2.8000000000e-14 6.4329000000e+05 4.3160560000e+06)
226(1.8000000000e-14 1.4598990000e+06 1.3181410000e+06)
227(1.0000000000e-14 2.9438440000e+06 3.8639600000e+06)
228(1.5000000000e-14 3.0227660000e+06 2.1556310000e+06)
229(5.0000000000e-15 3.7099910000e+06 5.7032240000e+06)
230(1.7000000000e-14 2.0037520000e+06 1.2570630000e+06)
231(3.0000000000e-15 4.0001030000e+06 7.0421380000e+06)
232(1.7000000000e-14 1.1443640000e+06 5.0561440000e+06)
233(1.6000000000e-14 1.5406300000e+06 5.8384400000e+06)
234(1.9000000000e-14 1.6292100000e+06 4.9281890000e+06)
235(2.6000000000e-14 3.6385090000e+06 7.2725560000e+06)
236(1.7000000000e-14 2.8058370000e+06 5.7891080000e+06)
237(1.5000000000e-14 6.3501120000e+06 5.6337540000e+06)
238(2.4000000000e-14 8.1844500000e+05 6.3933150000e+06)
239(2.4000000000e-14 1.3507500000e+06 2.6514650000e+06)
240(3.0000000000e-14 1.0145160000e+06 4.8372520000e+06)
241(3.0000000000e-14 2.3266030000e+06 2.0885600000e+05)
242(1.4000000000e-14 5.9381800000e+06 5.9943120000e+06)
243(7.0000000000e-15 3.0424020000e+06 4.9618680000e+06)
244(3.0000000000e-15 2.9123120000e+06 4.4272050000e+06)
245(2.4000000000e-14 1.8151830000e+06 4.1454790000e+06)
246(6.0000000000e-15 3.3569200000e+05 5.2262240000e+06)
247(3.1000000000e-14 2.0070560000e+06 6.7822180000e+06)
248(1.6000000000e-14 3.0775400000e+06 1.1402010000e+06)
249(6.0000000000e-15 6.9121940000e+06 6.8333980000e+06)
250(7.0000000000e-15 2.4103180000e+06 5.7927190000e+06)
251(1.6000000000e-14 2.6463790000e+06 2.6535460000e+06)
252(2.7000000000e-14 6.8372400000e+05 5.9877110000e+06)
253(2.7000000000e-14 6.2820970000e+06 6.1866320000e+06)
254(1.9000000000e-14 1.6601430000e+06 5.8953620000e+06)
255(7.0000000000e-15 3.9203730000e+06 5.9151500000e+06)
256(2.1000000000e-14 1.3788040000e+06 1.5014290000e+06)
257(4.0000000000e-15 3.5406180000e+06 1.6415410000e+06)
258(1.1000000000e-14 2.3221780000e+06 4.0775260000e+06)
259(6.0000000000e-15 3.3622790000e+06 7.9382120000e+06)
260(2.4000000000e-14 3.8974530000e+06 4.6916770000e+06)
261(2.9000000000e-14 6.9597450000e+06 6.3920730000e+06)
262(3.0000000000e-14 9.3728100000e+05 7.0447630000e+06)
263(3.0000000000e-15 2.4016220000e+06 5.2253020000e+06)
264(2.2000000000e-14 2.8984410000e+06 7.2637690000e+06)
265(6.0000000000e-15 2.3462030000e+06 3.6747390000e+06)
266(1.8000000000e-14 6.7180890000e+06 4.6743610000e+06)
267(3.1000000000e-14 9.8704000000e+05 9.0252600000e+05)
268(2.6000000000e-14 7.1007300000e+05 3.6627300000e+06)
269(2.8000000000e-14 7.3795120000e+06 6.1879560000e+06)
270(5.0000000000e-15 4.3021140000e+06 7.0890920000e+06)
271(2.2000000000e-14 3.4657480000e+06 6.4207680000e+06)
272(1.6000000000e-14 7.1619480000e+06 6.1502860000e+06)
273(1.7000000000e-14 3.2134010000e+06 5.3803790000e+06)
274(4.0000000000e-15 2.8080320000e+06 1.9672210000e+06)
275(4.0000000000e-15 6.8875610000e+06 6.3272870000e+06)
276(1.3000000000e-14 3.4587050000e+06 7.7929480000e+06)
277(1.6000000000e-14 1.7902290000e+06 2.4079100000e+06)
278(1.1000000000e-14 7.0275450000e+06 6.8340490000e+06)
279(2.4000000000e-14 2.3847370000e+06 1.2139880000e+06)
280(5.0000000000e-15 5.9135390000e+06 5.1574620000e+06)
281(1.6000000000e-14 1.8877360000e+06 3.8955520000e+06)
282(1.5000000000e-14 4.5209350000e+06 7.0163110000e+06)
283(2.0000000000e-14 4.3406640000e+06 6.1741600000e+06)
284(1.3000000000e-14 2.9283700000e+05 1.6006650000e+06)
285(2.9000000000e-14 2.8871320000e+06 2.7511500000e+05)
286(1.5000000000e-14 4.8476210000e+06 5.7755090000e+06)
287(2.4000000000e-14 3.6414480000e+06 5.5937500000e+06)
288(2.2000000000e-14 7.1787700000e+05 3.3025970000e+06)
289(8.0000000000e-15 1.3922660000e+06 7.8041360000e+06)
290(1.6000000000e-14 2.7269770000e+06 3.3922640000e+06)
291(1.6000000000e-14 8.0498000000e+05 1.6542940000e+06)
292(2.1000000000e-14 3.7218090000e+06 1.5524730000e+06)
293(2.5000000000e-14 3.3615400000e+05 7.8854630000e+06)
294(8.0000000000e-15 1.7984440000e+06 3.9367970000e+06)
295(1.7000000000e-14 9.9100400000e+05 3.4744790000e+06)
296(1.7000000000e-14 1.1627000000e+05 5.1664000000e+04)
297(2.3000000000e-14 3.1445400000e+06 9.3897600000e+05)
298(8.0000000000e-15 4.2731620000e+06 4.2244590000e+06)
299(2.7000000000e-14 1.4471900000e+06 3.8747330000e+06)
300(1.8000000000e-14 3.5020700000e+05 6.2487640000e+06)
301(4.0000000000e-15 4.1397980000e+06 7.9511600000e+06)
302(2.8000000000e-14 7.2855500000e+06 5.8251870000e+06)
303(1.0000000000e-14 3.1396580000e+06 3.8767990000e+06)
304(2.1000000000e-14 3.2358100000e+06 6.0693750000e+06)
305(1.5000000000e-14 2.5107320000e+06 7.9501620000e+06)
306(1.4000000000e-14 5.6398550000e+06 6.9930820000e+06)
307(2.0000000000e-14 6.0973020000e+06 5.9276430000e+06)
308(2.8000000000e-14 5.1054140000e+06 6.0329300000e+06)
309(4.0000000000e-15 2.9230340000e+06 1.4561360000e+06)
310(7.0000000000e-15 2.0715390000e+06 2.1115650000e+06)
311(3.0000000000e-15 6.8738210000e+06 4.4979780000e+06)
312(4.0000000000e-15 4.4494650000e+06 6.4020660000e+06)
313(3.0000000000e-14 6.0079000000e+05 1.3130680000e+06)
314(3.1000000000e-14 2.9942690000e+06 8.5363500000e+05)
315(1.6000000000e-14 2.7537810000e+06 3.2495250000e+06)
316(2.8000000000e-14 1.5092380000e+06 4.3480910000e+06)
317(2.5000000000e-14 1.4096800000e+05 1.5729080000e+06)
318(2.7000000000e-14 1.8800450000e+06 7.7377620000e+06)
319(3.0000000000e-15 1.9482000000e+04 4.7454230000e+06)
320(3.2000000000e-14 5.2121360000e+06 6.6865570000e+06)
321(1.0000000000e-14 5.2272790000e+06 7.9331080000e+06)
322(7.0000000000e-15 9.9345700000e+05 7.3812200000e+05)
323(2.3000000000e-14 4.2165960000e+06 7.0553370000e+06)
324(3.1000000000e-14 2.3115170000e+06 3.9196290000e+06)
325(3.0000000000e-15 3.3066600000e+06 3.5753140000e+06)
326(2.5000000000e-14 3.7062950000e+06 7.2790320000e+06)
327(9.0000000000e-15 1.4416790000e+06 5.6474490000e+06)
328(4.0000000000e-15 2.4066200000e+05 2.3700770000e+06)
329(2.3000000000e-14 3.2736000000e+06 3.6339930000e+06)
330(1.4000000000e-14 2.7534840000e+06 2.0712500000e+05)
331(3.0000000000e-15 3.1541870000e+06 5.4340820000e+06)
332(9.0000000000e-15 6.9185060000e+06 4.5862780000e+06)
333(3.2000000000e-14 2.6361650000e+06 7.9596390000e+06)
334(2.5000000000e-14 3.7495200000e+06 7.2385480000e+06)
335(1.1000000000e-14 1.4128640000e+06 5.4095900000e+05)
336(5.0000000000e-15 9.7786300000e+05 1.6692330000e+06)
337(2.5000000000e-14 1.6954080000e+06 2.0292700000e+06)
338(1.9000000000e-14 4.1641610000e+06 7.4390370000e+06)
339(1.4000000000e-14 1.4480650000e+06 3.7475770000e+06)
340(2.8000000000e-14 4.8236870000e+06 4.0453500000e+06)
341(1.2000000000e-14 1.9376430000e+06 3.3122730000e+06)
342(1.8000000000e-14 2.7755140000e+06 1.5464880000e+06)
343(3.2000000000e-14 2.7027180000e+06 4.3963460000e+06)
344(2.7000000000e-14 6.7479420000e+06 4.7357980000e+06)
345(3.0000000000e-14 4.7541170000e+06 7.1300070000e+06)
346(7.0000000000e-15 1.4810160000e+06 4.8660010000e+06)
347(2.3000000000e-14 5.0124780000e+06 5.4941310000e+06)
348(3.1000000000e-14 3.9158280000e+06 7.8671300000e+06)
349(1.1000000000e-14 1.2559340000e+06 7.5285450000e+06)
350(3.0000000000e-14 7.5481200000e+05 3.9847090000e+06)
351(2.5000000000e-14 1.7916940000e+06 1.9321260000e+06)
352(6.0000000000e-15 4.8502300000e+06 5.1892880000e+06)
353(1.1000000000e-14 5.7252810000e+06 4.2984470000e+06)
354(2.7000000000e-14 7.6634400000e+05 3.5589000000e+05)
355(2.4000000000e-14 4.0800450000e+06 4.0176690000e+06)
356(9.0000000000e-15 2.6629240000e+06 7.0993000000e+04)
357(2.5000000000e-14 2.7687730000e+06 7.0161920000e+06)
358(3.0000000000e-15 2.7848600000e+05 2.4315340000e+06)
359(2.8000000000e-14 5.5398990000e+06 5.6836580000e+06)
360(1.4000000000e-14 4.5376060000e+06 7.3779560000e+06)
361(4.0000000000e-15 5.0954000000e+05 1.5222170000e+06)
362(1.5000000000e-14 5.7245380000e+06 7.5144490000e+06)
363(3.1000000000e-14 2.1857750000e+06 4.2741600000e+06)
364(2.7000000000e-14 5.7449300000e+05 1.3926510000e+06)
365(2.0000000000e-14 4.4499320000e+06 7.1082260000e+06)
366(2.6000000000e-14 2.2000770000e+06 1.4349370000e+06)
367(7.0000000000e-15 3.7679600000e+06 7.9205950000e+06)
368(2.7000000000e-14 5.4957400000e+05 6.4171630000e+06)
369(5.0000000000e-15 5.0827550000e+06 4.1417640000e+06)
370(1.2000000000e-14 3.5765560000e+06 9.9204000000e+05)
371(7.0000000000e-15 2.8367870000e+06 1.3163930000e+06)
372(1.8000000000e-14 3.9286490000e+06 6.4675740000e+06)
373(1.9000000000e-14 3.6659260000e+06 7.8707110000e+06)
374(1.0000000000e-14 6.2747410000e+06 4.1251100000e+06)
375(6.0000000000e-15 3.8852900000e+05 5.0231730000e+06)
376(1.0000000000e-14 2.3285000000e+05 2.3441610000e+06)
377(4.0000000000e-15 4.0256500000e+05 6.3748500000e+06)
378(1.7000000000e-14 3.6779900000e+05 1.0949990000e+06)
379(1.6000000000e-14 7.5504000000e+05 5.6181670000e+06)
380(3.2000000000e-14 7.3658990000e+06 5.4402180000e+06)
381(2.6000000000e-14 3.0078110000e+06 1.8325360000e+06)
382(2.0000000000e-14 2.0181870000e+06 3.5963030000e+06)
383(2.9000000000e-14 3.9112790000e+06 5.7073080000e+06)
384(4.0000000000e-15 1.6178670000e+06 4.4837350000e+06)
385(2.4000000000e-14 2.3110540000e+06 6.4136260000e+06)
386(2.6000000000e-14 3.2561800000e+06 4.5707630000e+06)
387(7.0000000000e-15 1.9345990000e+06 6.9965200000e+05)
388(1.3000000000e-14 3.6838800000e+06 2.0224890000e+06)
389(2.4000000000e-14 2.4056050000e+06 1.8022040000e+06)
390(1.1000000000e-14 5.2734250000e+06 5.9179530000e+06)
391(4.0000000000e-15 5.8340490000e+06 6.2485800000e+06)
392(1.7000000000e-14 1.5544820000e+06 3.2053910000e+06)
393(2.1000000000e-14 7.1729020000e+06 5.7854690000e+06)
394(2.4000000000e-14 2.4981350000e+06 4.5364800000e+06)
395(6.0000000000e-15 2.1968450000e+06 7.4050440000e+06)
396(1.4000000000e-14 2.8302500000e+05 1.7976510000e+06)
397(3.0000000000e-14 6.0602700000e+05 3.5900500000e+06)
398(5.0000000000e-15 6.6279660000e+06 6.9610670000e+06)
399(2.5000000000e-14 2.1818800000e+05 3.6176340000e+06)
400(1.1000000000e-14 3.8170570000e+06 6.1963290000e+06)
401(2.5000000000e-14 3.3750450000e+06 4.0719900000e+06)
402(8.0000000000e-15 1.5207990000e+06 4.8677200000e+05)
403(7.0000000000e-15 2.9718710000e+06 4.6304670000e+06)
404(1.4000000000e-14 5.9467550000e+06 5.4526880000e+06)
405(3.0000000000e-14 5.4998310000e+06 5.2108720000e+06)
406(1.3000000000e-14 1.5166070000e+06 2.1890950000e+06)
407(2.1000000000e-14 1.1967810000e+06 3.8240520000e+06)
408(2.8000000000e-14 1.5760300000e+05 4.3875940000e+06)
409(2.2000000000e-14 2.0925350000e+06 4.2919610000e+06)
410(2.0000000000e-14 2.2781330000e+06 2.8048110000e+06)
411(8.0000000000e-15 1.8307680000e+06 4.1556380000e+06)
412(3.1000000000e-14 3.3872400000e+05 7.4784150000e+06)
413(9.0000000000e-15 1.9855260000e+06 1.2090490000e+06)
414(2.2000000000e-14 1.2995980000e+06 2.8175170000e+06)
415(1.6000000000e-14 2.8026060000e+06 5.7583560000e+06)
416(1.6000000000e-14 5.5390070000e+06 7.2541950000e+06)
417(2.5000000000e-14 2.0015250000e+06 5.3905950000e+06)
418(1.5000000000e-14 2.0811450000e+06 2.2471100000e+06)
419(2.5000000000e-14 1.0623950000e+06 4.1250850000e+06)
420(2.6000000000e-14 3.6731620000e+06 4.7405540000e+06)
421(1.1000000000e-14 2.0046740000e+06 6.0444000000e+04)
422(3.2000000000e-14 5.8046080000e+06 4.5986520000e+06)
423(1.3000000000e-14 3.1349790000e+06 6.4635200000e+05)
424(2.1000000000e-14 4.1421800000e+06 7.8285600000e+06)
425(2.6000000000e-14 2.7680700000e+06 2.2750180000e+06)
426(3.2000000000e-14 9.9661300000e+05 3.1809640000e+06)
427(2.3000000000e-14 6.2752340000e+06 5.1191670000e+06)
428(3.2000000000e-14 7.1075780000e+06 6.5669860000e+06)
429(7.0000000000e-15 7.3178100000e+05 1.6607300000e+06)
430(2.5000000000e-14 5.5308770000e+06 6.6971230000e+06)
431(2.0000000000e-14 1.8542660000e+06 3.1543000000e+04)
432(3.0000000000e-14 8.5795200000e+05 2.5778600000e+05)
433(7.0000000000e-15 1.1663210000e+06 1.3514620000e+06)
434(3.0000000000e-15 9.8653200000e+05 5.5519370000e+06)
435(3.2000000000e-14 3.3794160000e+06 4.0765500000e+06)
436(1.0000000000e-14 1.1024780000e+06 3.3605310000e+06)
437(3.0000000000e-14 2.9565850000e+06 7.2318000000e+04)
438(2.5000000000e-14 3.8093540000e+06 2.4388330000e+06)
439(2.0000000000e-14 4.3279720000e+06 4.9325100000e+06)
440(1.7000000000e-14 3.2132570000e+06 4.6334590000e+06)
441(2.3000000000e-14 4.9887890000e+06 6.8917770000e+06)
442(1.5000000000e-14 8.4632600000e+05 5.4393320000e+06)
443(1.0000000000e-14 3.7217910000e+06 4.2724180000e+06)
444(1.4000000000e-14 3.0806860000e+06 7.4758020000e+06)
445(4.0000000000e-15 2.2484660000e+06 5.9857490000e+06)
446(1.4000000000e-14 3.1348170000e+06 6.0105910000e+06)
447(2.0000000000e-14 1.1589070000e+06 2.9063080000e+06)
448(1.1000000000e-14 3.3774600000e+06 1.7731140000e+06)
449(3.2000000000e-14 4.4408190000e+06 6.5044940000e+06)
450(1.7000000000e-14 3.4548210000e+06 1.2615500000e+06)
451(1.4000000000e-14 3.0709460000e+06 5.6207040000e+06)
452(7.0000000000e-15 3.0493030000e+06 3.4196320000e+06)
453(3.0000000000e-14 8.5455000000e+04 3.8213630000e+06)
454(8.0000000000e-15 6.6479570000e+06 5.0734610000e+06)
455(1.8000000000e-14 3.8269830000e+06 8.4289800000e+05)
456(2.7000000000e-14 3.6599270000e+06 3.6533800000e+06)
457(1.4000000000e-14 6.4085990000e+06 5.3014330000e+06)
458(3.0000000000e-14 9.4431800000e+05 4.1494660000e+06)
459(6.0000000000e-15 1.3661500000e+05 4.8531660000e+06)
460(7.0000000000e-15 5.5064000000e+04 4.3917740000e+06)
461(1.7000000000e-14 5.1516710000e+06 7.8134340000e+06)
462(2.6000000000e-14 5.0293700000e+06 4.1207670000e+06)
463(4.0000000000e-15 3.3519340000e+06 3.1308570000e+06)
464(1.6000000000e-14 7.0813070000e+06 5.7268630000e+06)
465(6.0000000000e-15 4.6683590000e+06 7.3377390000e+06)
466(1.2000000000e-14 6.1048610000e+06 5.2131260000e+06)
467(3.2000000000e-14 6.2042110000e+06 4.9063100000e+06)
468(2.7000000000e-14 3.9362500000e+06 2.0210000000e+06)
469(1.9000000000e-14 4.1592260000e+06 4.3523400000e+06)
470(2.4000000000e-14 5.2499300000e+05 4.1199530000e+06)
471(3.1000000000e-14 4.8158350000e+06 5.4972010000e+06)
472(1.7000000000e-14 2.2060110000e+06 6.2702680000e+06)
473(1.3000000000e-14 6.9926810000e+06 5.3670570000e+06)
474(2.3000000000e-14 1.2141360000e+06 5.3422460000e+06)
475(2.6000000000e-14 2.5023300000e+06 1.9936280000e+06)
476(3.2000000000e-14 3.2163200000e+05 3.3920000000e+06)
477(8.0000000000e-15 2.0668850000e+06 1.7191930000e+06)
478(1.7000000000e-14 7.4214200000e+05 5.2426210000e+06)
479(1.9000000000e-14 2.4113700000e+05 7.5907700000e+05)
480(2.3000000000e-14 3.2760510000e+06 6.9850420000e+06)
481(1.6000000000e-14 1.5082840000e+06 9.0850600000e+05)
482(6.0000000000e-15 2.9461150000e+06 7.0514180000e+06)
483(3.0000000000e-15 4.8084130000e+06 4.9478380000e+06)
484(2.3000000000e-14 1.1877510000e+06 7.1272130000e+06)
485(2.3000000000e-14 6.5497810000e+06 4.7364580000e+06)
486(1.2000000000e-14 5.4542990000e+06 7.6971210000e+06)
487(2.6000000000e-14 3.4879410000e+06 5.2528600000e+05)
488(2.6000000000e-14 1.4940400000e+05 5.8137800000e+06)
489(1.5000000000e-14 2.7658380000e+06 7.7542250000e+06)
490(2.7000000000e-14 7.1005730000e+06 6.8361210000e+06)
491(2.0000000000e-14 5.4362070000e+06 5.8092950000e+06)
492(2.8000000000e-14 1.6902590000e+06 3.9366050000e+06)
493(2.8000000000e-14 2.5906890000e+06 6.5444000000e+04)
494(1.4000000000e-14 7.7497180000e+06 6.2141280000e+06)
495(1.1000000000e-14 1.3931620000e+06 4.3577520000e+06)
496(4.0000000000e-15 5.2409430000e+06 5.5408580000e+06)
497(2.5000000000e-14 5.4697400000e+05 4.8040420000e+06)
498(2.2000000000e-14 6.3493400000e+05 2.7826210000e+06)
499(3.2000000000e-14 4.3404500000e+05 7.4557070000e+06)
500(1.7000000000e-14 3.4037790000e+06 2.7416760000e+06)
501(1.0000000000e-14 2.9305120000e+06 4.7134200000e+06)
502(2.9000000000e-14 4.1517500000e+05 5.0831710000e+06)
503(3.0000000000e-14 6.7760110000e+06 5.7717300000e+06)
504(2.0000000000e-14 2.8864160000e+06 5.3414020000e+06)
505(1.0000000000e-14 2.7464990000e+06 4.4449000000e+06)
506(1.4000000000e-14 5.1152050000e+06 7.5993260000e+06)
507(8.0000000000e-15 1.6785070000e+06 5.8409650000e+06)
508(1.0000000000e-14 6.6171310000e+06 6.4354730000e+06)
509(2.8000000000e-14 2.5183980000e+06 5.8545110000e+06)
510(2.2000000000e-14 7.1635210000e+06 6.9899970000e+06)
511(3.0000000000e-15 6.9508710000e+06 5.8041450000e+06)
512(2.6000000000e-14 3.6057360000e+06 1.2412730000e+06)
513(3.2000000000e-14 4.8295900000e+06 5.5145690000e+06)
514(2.1000000000e-14 6.8866390000e+06 6.6407490000e+06)
515(2.2000000000e-14 5.2715990000e+06 7.0681410000e+06)
516(1.6000000000e-14 3.5343960000e+06 3.9965800000e+06)
517(1.9000000000e-14 6.1510960000e+06 6.5913240000e+06)
518(3.0000000000e-14 5.1251210000e+06 5.7570800000e+06)
519(7.0000000000e-15 3.6710260000e+06 5.1979120000e+06)
520(3.0000000000e-15 1.8118370000e+06 1.8329230000e+06)
521(2.5000000000e-14 6.2654100000e+05 6.0597500000e+06)
522(9.0000000000e-15 3.7027430000e+06 2.9204840000e+06)
523(3.1000000000e-14 7.2706930000e+06 5.3409050000e+06)
524(1.7000000000e-14 5.1768860000e+06 6.5369500000e+06)
525(1.5000000000e-14 2.7476190000e+06 4.0649470000e+06)
526(3.1000000000e-14 1.3395310000e+06 4.6293630000e+06)
527(8.0000000000e-15 3.9840680000e+06 1.5181120000e+06)
528(1.0000000000e-14 4.4424530000e+06 6.4552000000e+06)
529(7.0000000000e-15 5.0396000000e+05 7.7309250000e+06)
530(3.2000000000e-14 8.2980000000e+04 4.9202760000e+06)
531(1.0000000000e-14 1.0630340000e+06 5.7422700000e+05)
532(3.2000000000e-14 3.3684550000e+06 7.5433600000e+06)
533(1.0000000000e-14 1.5132740000e+06 2.9752700000e+06)
534(1.0000000000e-14 2.6281150000e+06 2.1831400000e+06)
535(2.0000000000e-14 2.3712740000e+06 6.8437240000e+06)
536(9.0000000000e-15 6.1225970000e+06 4.4003460000e+06)
537(1.7000000000e-14 2.1723790000e+06 8.5564200000e+05)
538(1.9000000000e-14 3.7836660000e+06 1.5870200000e+05)
539(2.4000000000e-14 7.8982910000e+06 6.5611790000e+06)
540(3.1000000000e-14 4.8019550000e+06 4.5066720000e+06)
541(1.2000000000e-14 5.8780640000e+06 6.3970250000e+06)
542(5.0000000000e-15 4.1630940000e+06 5.2744520000e+06)
543(3.2000000000e-14 4.2713230000e+06 6.1145090000e+06)
544(5.0000000000e-15 4.8064340000e+06 5.8371730000e+06)
545(1.3000000000e-14 1.5383520000e+06 4.9826750000e+06)
546(9.0000000000e-15 4.1994100000e+06 6.7190230000e+06)
547(3.1000000000e-14 1.4550210000e+06 5.5628630000e+06)
548(2.8000000000e-14 5.5434100000e+06 6.4204570000e+06)
549(7.0000000000e-15 5.3116100000e+05 1.6395730000e+06)
550(8.0000000000e-15 1.6979360000e+06 2.2068680000e+06)
551(1.8000000000e-14 1.7859010000e+06 7.4458610000e+06)
552(1.0000000000e-14 7.8574800000e+06 5.5437000000e+06)
553(1.6000000000e-14 5.4626610000e+06 6.8320160000e+06)
554(2.0000000000e-14 2.4572920000e+06 6.2167150000e+06)
555(1.5000000000e-14 4.2119150000e+06 6.8018430000e+06)
556(2.5000000000e-14 2.6473610000e+06 2.8882610000e+06)
557(2.7000000000e-14 6.2936900000e+06 6.2005050000e+06)
558(2.8000000000e-14 1.7189140000e+06 4.0173780000e+06)
559(1.9000000000e-14 2.3577390000e+06 3.6289500000e+05)
560(3.0000000000e-14 2.9896720000e+06 7.7908150000e+06)
561(8.0000000000e-15 8.4813000000e+04 6.3054280000e+06)
562(2.8000000000e-14 1.5073950000e+06 2.5044540000e+06)
563(1.1000000000e-14 1.1341320000e+06 3.7280170000e+06)
564(2.1000000000e-14 1.2904530000e+06 4.9822560000e+06)
565(3.0000000000e-15 1.8431330000e+06 5.1703400000e+05)
566(1.1000000000e-14 7.5152800000e+05 3.9649310000e+06)
567(2.9000000000e-14 5.1649600000e+06 6.1293470000e+06)
568(2.1000000000e-14 1.0835980000e+06 1.4716990000e+06)
569(2.1000000000e-14 1.9190800000e+05 1.0054640000e+06)
570(1.9000000000e-14 5.2500200000e+05 1.6493920000e+06)
571(5.0000000000e-15 8.7345000000e+05 1.2147630000e+06)
572(2.9000000000e-14 6.1033400000e+05 2.4254450000e+06)
573(3.1000000000e-14 6.1326140000e+06 5.0286220000e+06)
574(7.0000000000e-15 7.9732890000e+06 6.4674950000e+06)
575(4.0000000000e-15 7.9297260000e+06 6.5931340000e+06)
576(1.3000000000e-14 2.8758510000e+06 6.9576530000e+06)
577(6.0000000000e-15 6.7462860000e+06 4.9680920000e+06)
578(2.8000000000e-14 2.1844650000e+06 3.2678110000e+06)
579(2.5000000000e-14 1.0978900000e+06 5.2138790000e+06)
580(2.4000000000e-14 9.6940000000e+03 4.0690070000e+06)
581(9.0000000000e-15 2.8127670000e+06 7.5747840000e+06)
582(3.0000000000e-15 2.5370970000e+06 2.7626280000e+06)
583(2.6000000000e-14 1.7274210000e+06 7.5681760000e+06)
584(1.6000000000e-14 2.2511080000e+06 2.4939430000e+06)
585(7.0000000000e-15 4.1050000000e+05 2.8627000000e+05)
586(2.7000000000e-14 1.9454340000e+06 1.0519110000e+06)
587(2.1000000000e-14 2.4222930000e+06 2.1592800000e+06)
588(3.0000000000e-14 5.5191640000e+06 4.1281380000e+06)
589(1.9000000000e-14 2.1135000000e+04 1.7310460000e+06)
590(1.8000000000e-14 4.9788610000e+06 6.2969170000e+06)
591(1.6000000000e-14 6.8966760000e+06 6.3198120000e+06)
592(1.5000000000e-14 4.7082470000e+06 6.5974160000e+06)
593(2.9000000000e-14 5.1551760000e+06 4.8538900000e+06)
594(3.0000000000e-14 1.4312280000e+06 5.0252600000e+05)
595(2.1000000000e-14 2.7631390000e+06 1.2765360000e+06)
596(1.4000000000e-14 8.3730700000e+05 7.6706560000e+06)
597(2.3000000000e-14 3.1533520000e+06 3.1295280000e+06)
598(3.0000000000e-15 1.3280560000e+06 7.1597110000e+06)
599(6.0000000000e-15 2.9681380000e+06 3.4085000000e+05)
600(1.3000000000e-14 1.6148000000e+05 1.6703260000e+06)
601(3.0000000000e-14 7.7590180000e+06 5.4741600000e+06)
602(3.0000000000e-14 1.8051700000e+06 1.3062060000e+06)
603(3.1000000000e-14 1.2761750000e+06 2.5568140000e+06)
604(1.7000000000e-14 1.8574580000e+06 4.9971440000e+06)
605(2.0000000000e-14 3.7827720000e+06 7.6008030000e+06)
606(1.3000000000e-14 3.6026790000e+06 5.9324390000e+06)
607(1.0000000000e-14 4.1945870000e+06 6.0692000000e+06)
608(1.3000000000e-14 3.2666350000e+06 5.5744680000e+06)
609(2.8000000000e-14 2.2305840000e+06 7.7139610000e+06)
610(2.6000000000e-14 5.9800460000e+06 6.1743550000e+06)
611(1.1000000000e-14 1.6784780000e+06 5.6955600000e+05)
612(1.6000000000e-14 5.6624250000e+06 5.6464110000e+06)
613(2.6000000000e-14 4.5796220000e+06 4.6435200000e+06)
614(1.0000000000e-14 1.8683330000e+06 5.5747950000e+06)
615(3.0000000000e-15 3.9181940000e+06 6.4105140000e+06)
616(2.2000000000e-14 2.4951830000e+06 1.6537570000e+06)
617(1.1000000000e-14 3.0106820000e+06 7.2404960000e+06)
618(1.3000000000e-14 7.9703230000e+06 6.2069360000e+06)
619(2.9000000000e-14 2.2650900000e+05 7.9736530000e+06)
620(6.0000000000e-15 6.0822050000e+06 5.3474020000e+06)
621(2.7000000000e-14 3.6755980000e+06 5.9870900000e+05)
622(2.2000000000e-14 2.6160340000e+06 3.9498100000e+05)
623(1.2000000000e-14 7.1746500000e+05 3.3771640000e+06)
624(2.7000000000e-14 3.0987220000e+06 1.7982850000e+06)
625(6.0000000000e-15 2.1883340000e+06 2.7598680000e+06)
626(2.7000000000e-14 4.5264900000e+05 4.8205700000e+06)
627(1.1000000000e-14 3.8137400000e+06 9.7436200000e+05)
628(3.0000000000e-14 5.9112030000e+06 7.5197100000e+06)
629(9.0000000000e-15 4.5111510000e+06 6.1431230000e+06)
630(3.1000000000e-14 5.2901740000e+06 6.9887620000e+06)
631(2.3000000000e-14 6.3253360000e+06 5.1172660000e+06)
632(6.0000000000e-15 6.2982700000e+06 6.5752940000e+06)
633(9.0000000000e-15 1.1951920000e+06 3.7751790000e+06)
634(3.0000000000e-15 6.8840800000e+05 6.3651870000e+06)
635(3.0000000000e-14 1.4353400000e+05 2.6669320000e+06)
636(4.0000000000e-15 3.8946160000e+06 2.6337400000e+05)
637(3.0000000000e-14 1.4388690000e+06 7.1511100000e+05)
638(8.0000000000e-15 1.1356910000e+06 5.5534550000e+06)
639(2.4000000000e-14 3.5098800000e+05 7.3300000000e+05)
640(3.0000000000e-15 1.2696470000e+06 7.1848290000e+06)
641(3.0000000000e-14 2.1922090000e+06 7.7285040000e+06)
642(2.6000000000e-14 6.1118710000e+06 4.4410620000e+06)
643(8.0000000000e-15 3.8661820000e+06 5.0767350000e+06)
644(1.2000000000e-14 1.5002990000e+06 2.1882800000e+06)
645(1.5000000000e-14 1.3458250000e+06 4.4436130000e+06)
646(6.0000000000e-15 2.8243240000e+06 8.5296200000e+05)
647(9.0000000000e-15 3.4425300000e+05 2.9567380000e+06)
648(4.0000000000e-15 2.6026090000e+06 6.8607470000e+06)
649(5.0000000000e-15 2.3264330000e+06 7.0839750000e+06)
650(1.7000000000e-14 7.5987760000e+06 6.7249140000e+06)
651(2.2000000000e-14 2.8137500000e+05 1.7875760000e+06)
652(2.1000000000e-14 2.9848770000e+06 6.7944270000e+06)
653(1.5000000000e-14 1.8594060000e+06 3.0319360000e+06)
654(1.6000000000e-14 3.8056360000e+06 2.7135230000e+06)
655(9.0000000000e-15 5.4084700000e+05 1.3088130000e+06)
656(8.0000000000e-15 7.2254350000e+06 5.4008080000e+06)
657(7.0000000000e-15 3.1039660000e+06 9.6350200000e+05)
658(2.6000000000e-14 1.4730680000e+06 4.3470410000e+06)
659(3.0000000000e-15 3.8186090000e+06 7.3185120000e+06)
660(6.0000000000e-15 3.8146790000e+06 6.6399370000e+06)
661(2.1000000000e-14 2.0612700000e+05 7.8687040000e+06)
662(1.0000000000e-14 3.5167550000e+06 2.9862360000e+06)
663(3.0000000000e-14 2.9186420000e+06 4.6402310000e+06)
664(2.1000000000e-14 2.9483150000e+06 2.5543830000e+06)
665(1.8000000000e-14 6.6328860000e+06 4.1238130000e+06)
666(7.0000000000e-15 3.0330810000e+06 4.7316670000e+06)
667(2.2000000000e-14 5.2789850000e+06 7.4296590000e+06)
668(3.0000000000e-15 2.6133620000e+06 3.5273430000e+06)
669(2.0000000000e-14 5.4164510000e+06 7.4515210000e+06)
670(1.4000000000e-14 3.7349770000e+06 3.7633600000e+06)
671(2.8000000000e-14 9.3741800000e+05 4.0778480000e+06)
672(1.3000000000e-14 3.5986560000e+06 3.7537490000e+06)
673(2.4000000000e-14 7.3156600000e+05 2.4717260000e+06)
674(2.3000000000e-14 1.0649910000e+06 3.2442900000e+06)
675(1.2000000000e-14 7.8314400000e+05 3.7440720000e+06)
676(2.2000000000e-14 3.5490340000e+06 3.2154590000e+06)
677(3.0000000000e-15 1.5501000000e+04 1.2224480000e+06)
678(2.9000000000e-14 2.3821920000e+06 2.6066160000e+06)
679(8.0000000000e-15 4.3145490000e+06 7.8570120000e+06)
680(1.4000000000e-14 3.5807790000e+06 2.9805950000e+06)
681(2.0000000000e-14 2.6334530000e+06 7.9447500000e+06)
682(4.0000000000e-15 4.6595760000e+06 7.6965550000e+06)
683(3.0000000000e-14 1.5968650000e+06 7.3341590000e+06)
684(3.0000000000e-14 7.4177750000e+06 6.7668150000e+06)
685(1.7000000000e-14 3.5001000000e+05 6.4138620000e+06)
686(3.1000000000e-14 4.2812800000e+05 9.9390800000e+05)
687(2.5000000000e-14 4.8591300000e+05 2.0861720000e+06)
688(1.8000000000e-14 3.2939300000e+05 7.0695800000e+05)
689(2.0000000000e-14 5.2923710000e+06 6.0080170000e+06)
690(2.2000000000e-14 4.7645000000e+04 5.7526570000e+06)
691(1.0000000000e-14 2.0785510000e+06 1.6943250000e+06)
692(2.2000000000e-14 5.5754700000e+05 5.1131200000e+05)
693(1.8000000000e-14 6.7407310000e+06 6.5400560000e+06)
694(7.0000000000e-15 4.9498200000e+05 1.4013010000e+06)
695(3.0000000000e-15 3.7771050000e+06 1.4862200000e+05)
696(2.0000000000e-14 3.5139390000e+06 9.8852400000e+05)
697(1.7000000000e-14 2.2105540000e+06 6.7090740000e+06)
698(9.0000000000e-15 1.4159020000e+06 9.1850000000e+03)
699(2.5000000000e-14 7.9006350000e+06 5.9447980000e+06)
700(1.5000000000e-14 5.3342730000e+06 7.4194070000e+06)
701(2.5000000000e-14 3.7154240000e+06 5.7643230000e+06)
702(6.0000000000e-15 1.0725480000e+06 5.5730000000e+04)
703(1.7000000000e-14 5.6670450000e+06 4.5931440000e+06)
704(2.5000000000e-14 3.4470670000e+06 6.7123730000e+06)
705(8.0000000000e-15 9.7241000000e+04 7.8817760000e+06)
706(2.9000000000e-14 7.9977010000e+06 6.6194630000e+06)
707(2.0000000000e-14 4.5292750000e+06 4.2304650000e+06)
708(3.0000000000e-14 8.8377300000e+05 4.3931020000e+06)
709(8.0000000000e-15 4.5379590000e+06 6.2883300000e+06)
710(3.1000000000e-14 5.4721760000e+06 4.1100350000e+06)
711(8.0000000000e-15 4.7328300000e+06 4.2923490000e+06)
712(7.0000000000e-15 6.4868400000e+06 5.8091380000e+06)
713(7.0000000000e-15 7.4556870000e+06 5.7052450000e+06)
714(2.2000000000e-14 3.1962670000e+06 5.2872380000e+06)
715(2.2000000000e-14 1.1468200000e+05 4.5180720000e+06)
716(1.0000000000e-14 5.5391720000e+06 5.3693800000e+06)
717(2.1000000000e-14 7.2660540000e+06 6.0005750000e+06)
718(2.0000000000e-14 6.9022520000e+06 5.4608530000e+06)
719(1.7000000000e-14 3.5298690000e+06 1.0623630000e+06)
720(4.0000000000e-15 2.3489310000e+06 5.1544600000e+06)
721(1.0000000000e-14 2.3883240000e+06 6.1049550000e+06)
722(2.7000000000e-14 3.4757940000e+06 2.6864300000e+06)
723(9.0000000000e-15 2.1629850000e+06 1.3875910000e+06)
724(2.0000000000e-14 5.3508510000e+06 6.4771230000e+06)
725(3.2000000000e-14 4.8122230000e+06 4.1731760000e+06)
726(1.6000000000e-14 2.4945530000e+06 2.6112200000e+06)
727(2.8000000000e-14 4.4266090000e+06 6.6458510000e+06)
728(1.8000000000e-14 4.3101580000e+06 5.9742380000e+06)
729(1.8000000000e-14 3.2863060000e+06 7.1294500000e+06)
730(3.0000000000e-14 2.0499670000e+06 1.1794700000e+06)
731(3.0000000000e-14 6.1350000000e+05 4.5982210000e+06)
732(1.8000000000e-14 1.6276630000e+06 4.5795490000e+06)
733(2.1000000000e-14 2.0347700000e+05 2.6899610000e+06)
734(2.9000000000e-14 2.3272330000e+06 5.3760680000e+06)
735(1.8000000000e-14 1.0905610000e+06 3.3063500000e+05)
736(2.2000000000e-14 2.2874020000e+06 2.6870060000e+06)
737(1.6000000000e-14 2.7712290000e+06 1.6616600000e+05)
738(1.0000000000e-14 6.0543160000e+06 4.3605010000e+06)
739(1.6000000000e-14 4.3461990000e+06 6.6680910000e+06)
740(1.2000000000e-14 5.8823290000e+06 4.9153770000e+06)
741(1.9000000000e-14 2.3726870000e+06 3.3379710000e+06)
742(2.7000000000e-14 1.2130610000e+06 7.6187420000e+06)
743(3.1000000000e-14 1.8533520000e+06 1.7697220000e+06)
744(3.0000000000e-14 2.2617040000e+06 3.5737500000e+06)
745(6.0000000000e-15 7.0097550000e+06 5.9550940000e+06)
746(3.1000000000e-14 5.3277800000e+05 5.1234220000e+06)
747(1.5000000000e-14 5.6388820000e+06 5.7288830000e+06)
748(1.5000000000e-14 5.7638050000e+06 7.9222100000e+06)
749(1.8000000000e-14 1.0987060000e+06 1.1290840000e+06)
750(3.1000000000e-14 6.1525320000e+06 6.5669780000e+06)
751(1.9000000000e-14 5.9592800000e+06 7.6125090000e+06)
752(3.2000000000e-14 2.9325830000e+06 4.9552770000e+06)
753(1.1000000000e-14 3.2183600000e+06 5.4019920000e+06)
754(2.8000000000e-14 3.2906240000e+06 5.6456070000e+06)
755(1.2000000000e-14 4.6260510000e+06 6.1885740000e+06)
756(1.1000000000e-14 2.2467100000e+06 3.7643950000e+06)
757(1.0000000000e-14 3.2044900000e+05 2.6138200000e+06)
758(1.5000000000e-14 1.7477990000e+06 3.4113530000e+06)
759(1.9000000000e-14 3.2516290000e+06 2.6934290000e+06)
760(1.7000000000e-14 6.8618910000e+06 5.1843440000e+06)
761(1.8000000000e-14 5.8401620000e+06 7.3490720000e+06)
762(5.0000000000e-15 9.1476600000e+05 7.7337000000e+05)
763(2.5000000000e-14 1.7821260000e+06 3.0159310000e+06)
764(2.7000000000e-14 1.1915760000e+06 7.1261350000e+06)
765(3.2000000000e-14 2.9748180000e+06 6.0572900000e+05)
766(2.7000000000e-14 4.7926200000e+06 7.4745550000e+06)
767(6.0000000000e-15 6.9849470000e+06 6.0605930000e+06)
768(2.4000000000e-14 8.6142900000e+05 6.0498520000e+06)
769(6.0000000000e-15 5.6337730000e+06 5.7825560000e+06)
770(1.0000000000e-14 3.3875800000e+05 6.5111670000e+06)
771(2.0000000000e-14 3.5226120000e+06 4.9334490000e+06)
772(3.1000000000e-14 1.4050200000e+06 7.3974380000e+06)
773(1.4000000000e-14 3.2308950000e+06 5.4331170000e+06)
774(4.0000000000e-15 2.7056300000e+05 1.9936090000e+06)
775(2.5000000000e-14 3.2468880000e+06 2.4538450000e+06)
776(2.1000000000e-14 1.8626090000e+06 2.0844310000e+06)
777(1.5000000000e-14 2.3776780000e+06 4.6362330000e+06)
778(4.0000000000e-15 3.5309400000e+06 3.3018370000e+06)
779(1.0000000000e-14 3.8331550000e+06 2.4673430000e+06)
780(2.3000000000e-14 2.1372550000e+06 7.7581060000e+06)
781(1.4000000000e-14 4.2104990000e+06 5.6095120000e+06)
782(2.9000000000e-14 6.1661940000e+06 6.4282230000e+06)
783(2.3000000000e-14 1.4717620000e+06 2.7222640000e+06)
784(1.2000000000e-14 5.8881240000e+06 5.8316170000e+06)
785(2.7000000000e-14 4.4718840000e+06 6.4809160000e+06)
786(9.0000000000e-15 3.5415700000e+06 6.5002480000e+06)
787(3.2000000000e-14 8.7107200000e+05 6.8301950000e+06)
788(2.9000000000e-14 2.4431200000e+05 3.8511670000e+06)
789(1.1000000000e-14 6.7440670000e+06 4.4963770000e+06)
790(2.5000000000e-14 2.4407490000e+06 1.3543140000e+06)
791(3.2000000000e-14 5.4533400000e+05 1.3747540000e+06)
792(2.7000000000e-14 7.7512960000e+06 6.4166010000e+06)
793(1.1000000000e-14 2.6335190000e+06 7.3007760000e+06)
794(1.8000000000e-14 3.3927940000e+06 6.5371690000e+06)
795(8.0000000000e-15 2.6472790000e+06 7.3673300000e+05)
796(1.8000000000e-14 2.9852300000e+06 5.1616890000e+06)
797(3.2000000000e-14 2.4484190000e+06 4.1247760000e+06)
798(2.5000000000e-14 4.4619420000e+06 4.7605930000e+06)
799(2.9000000000e-14 1.7195070000e+06 5.5343940000e+06)
800(1.1000000000e-14 1.9122870000e+06 3.4592370000e+06)
801(9.0000000000e-15 3.4321200000e+06 5.0365920000e+06)
802(1.2000000000e-14 3.7105800000e+05 3.6585310000e+06)
803(2.7000000000e-14 7.2826980000e+06 6.5020270000e+06)
804(4.0000000000e-15 3.1718870000e+06 2.2550820000e+06)
805(1.7000000000e-14 7.6534800000e+05 6.7650050000e+06)
806(2.2000000000e-14 3.9984280000e+06 4.9786450000e+06)
807(1.3000000000e-14 2.4188200000e+06 6.1172200000e+06)
808(3.0000000000e-15 2.6108130000e+06 1.2758010000e+06)
809(1.4000000000e-14 3.6171040000e+06 5.0084450000e+06)
810(1.3000000000e-14 1.2989800000e+06 2.3642170000e+06)
811(3.2000000000e-14 2.2730300000e+06 2.3483220000e+06)
812(1.4000000000e-14 5.3283150000e+06 6.2055820000e+06)
813(1.2000000000e-14 5.1838200000e+06 7.6091910000e+06)
814(2.5000000000e-14 2.8190660000e+06 2.2025600000e+05)
815(2.9000000000e-14 2.0555430000e+06 1.7510560000e+06)
816(2.3000000000e-14 5.5850950000e+06 5.6291420000e+06)
817(4.0000000000e-15 4.1888720000e+06 5.2049440000e+06)
818(3.0000000000e-14 1.1563800000e+05 6.7281450000e+06)
819(2.1000000000e-14 5.9722330000e+06 6.9614370000e+06)
820(1.7000000000e-14 2.0316820000e+06 3.2012720000e+06)
821(6.0000000000e-15 2.1912480000e+06 1.1948690000e+06)
822(1.1000000000e-14 5.2948590000e+06 4.7550920000e+06)
823(3.2000000000e-14 4.1060350000e+06 7.4716600000e+06)
824(4.0000000000e-15 2.2887470000e+06 1.2200000000e+02)
825(2.6000000000e-14 4.4317900000e+06 5.3180550000e+06)
826(2.8000000000e-14 2.9453740000e+06 4.3351900000e+06)
827(1.7000000000e-14 7.8206400000e+05 5.2154430000e+06)
828(1.7000000000e-14 2.2592030000e+06 8.9038800000e+05)
829(4.0000000000e-15 1.1020060000e+06 4.3366640000e+06)
830(7.0000000000e-15 6.5556000000e+04 6.0512700000e+06)
831(2.5000000000e-14 4.5999000000e+05 7.2747140000e+06)
832(1.9000000000e-14 5.7591700000e+06 5.2047760000e+06)
833(9.0000000000e-15 3.5623830000e+06 7.7231830000e+06)
834(8.0000000000e-15 3.4046430000e+06 1.0241250000e+06)
835(2.4000000000e-14 1.7741420000e+06 5.3533360000e+06)
836(2.0000000000e-14 3.2553070000e+06 4.0612180000e+06)
837(6.0000000000e-15 6.7671600000e+05 7.9771290000e+06)
838(1.4000000000e-14 1.7456630000e+06 3.9781400000e+06)
839(4.0000000000e-15 6.7968110000e+06 6.5475590000e+06)
840(2.1000000000e-14 6.1461350000e+06 4.8509950000e+06)
841(9.0000000000e-15 2.7165350000e+06 7.3740000000e+06)
842(2.6000000000e-14 4.3893700000e+05 6.4331160000e+06)
843(3.1000000000e-14 6.3169300000e+06 4.9893150000e+06)
844(1.8000000000e-14 2.7290630000e+06 2.4816800000e+06)
845(7.0000000000e-15 4.8853960000e+06 5.9907940000e+06)
846(2.1000000000e-14 7.8611630000e+06 6.2072530000e+06)
847(1.1000000000e-14 5.8407560000e+06 6.2897010000e+06)
848(7.0000000000e-15 4.5467200000e+06 5.6600900000e+06)
849(7.0000000000e-15 1.2936720000e+06 3.3237850000e+06)
850(2.1000000000e-14 3.0943080000e+06 4.4957880000e+06)
851(6.0000000000e-15 1.7648720000e+06 3.5220240000e+06)
852(7.0000000000e-15 2.2691520000e+06 5.1003400000e+06)
853(4.0000000000e-15 3.7990210000e+06 5.0685430000e+06)
854(2.3000000000e-14 5.0840480000e+06 4.3095260000e+06)
855(1.8000000000e-14 8.2840600000e+05 1.4520110000e+06)
856(9.0000000000e-15 3.3528950000e+06 7.9385410000e+06)
857(3.2000000000e-14 3.6039860000e+06 5.9258200000e+06)
858(1.2000000000e-14 5.4676200000e+06 5.2477690000e+06)
859(4.0000000000e-15 1.2338320000e+06 2.7336880000e+06)
860(1.8000000000e-14 2.9544740000e+06 2.2941960000e+06)
861(3.1000000000e-14 1.2872230000e+06 4.5431180000e+06)
862(1.6000000000e-14 5.8465470000e+06 6.7851500000e+06)
863(2.5000000000e-14 4.2395050000e+06 5.3487630000e+06)
864(2.6000000000e-14 1.0766450000e+06 7.4708060000e+06)
865(8.0000000000e-15 1.2716600000e+05 4.3338800000e+05)
866(2.5000000000e-14 2.5680850000e+06 2.1428890000e+06)
867(1.2000000000e-14 5.5443860000e+06 7.4492260000e+06)
868(3.2000000000e-14 1.3004820000e+06 4.7273800000e+06)
869(9.0000000000e-15 2.4387100000e+06 4.4822650000e+06)
870(1.8000000000e-14 5.0627540000e+06 6.6616580000e+06)
871(3.1000000000e-14 2.5538700000e+05 7.0607930000e+06)
872(4.0000000000e-15 1.9704440000e+06 2.1666000000e+06)
873(2.2000000000e-14 2.2768300000e+06 1.0586700000e+06)
874(1.4000000000e-14 6.7225600000e+05 5.0733470000e+06)
875(2.1000000000e-14 6.2645500000e+05 1.2788210000e+06)
876(1.7000000000e-14 3.2462420000e+06 4.8690430000e+06)
877(2.0000000000e-14 8.0094200000e+05 1.6805350000e+06)
878(8.0000000000e-15 1.3215240000e+06 3.2843440000e+06)
879(1.2000000000e-14 5.4832540000e+06 6.9843190000e+06)
880(9.0000000000e-15 1.3674750000e+06 5.9190090000e+06)
881(2.6000000000e-14 2.7834270000e+06 7.3307800000e+05)
882(1.6000000000e-14 3.8983550000e+06 4.5532800000e+06)
883(8.0000000000e-15 1.4786760000e+06 7.9416430000e+06)
884(1.2000000000e-14 4.5213500000e+05 1.2957400000e+05)
885(2.7000000000e-14 5.6335220000e+06 6.0706570000e+06)
886(2.6000000000e-14 3.5210680000e+06 2.4635290000e+06)
887(3.2000000000e-14 4.4443260000e+06 4.7227050000e+06)
888(3.0000000000e-15 4.0680920000e+06 6.5684610000e+06)
889(2.9000000000e-14 5.7015500000e+05 6.3328650000e+06)
890(4.0000000000e-15 6.3609180000e+06 6.7013690000e+06)
891(1.0000000000e-14 8.0428700000e+05 5.0601810000e+06)
892(1.9000000000e-14 3.6246930000e+06 6.6051900000e+05)
893(1.7000000000e-14 1.0647530000e+06 4.9481760000e+06)
894(5.0000000000e-15 1.4341620000e+06 2.1841490000e+06)
895(1.2000000000e-14 3.2703500000e+05 3.9668650000e+06)
896(2.9000000000e-14 2.5285770000e+06 7.8853170000e+06)
897(4.0000000000e-15 6.9651640000e+06 6.4212970000e+06)
898(1.1000000000e-14 3.5572840000e+06 2.6402310000e+06)
899(5.0000000000e-15 1.3175200000e+06 5.6881140000e+06)
900(2.6000000000e-14 1.8347970000e+06 3.1680900000e+06)
901(1.9000000000e-14 3.1532380000e+06 2.4344860000e+06)
902(1.7000000000e-14 1.5425500000e+05 7.7699250000e+06)
903(6.0000000000e-15 2.4829160000e+06 7.0245990000e+06)
904(2.1000000000e-14 3.7281310000e+06 4.0185030000e+06)
905(1.6000000000e-14 5.8083070000e+06 5.7952380000e+06)
906(1.5000000000e-14 2.3158280000e+06 5.8602830000e+06)
907(2.3000000000e-14 9.6978800000e+05 2.6817680000e+06)
908(3.1000000000e-14 3.3918520000e+06 6.5530850000e+06)
909(1.3000000000e-14 7.4717900000e+06 6.9517650000e+06)
910(5.0000000000e-15 1.2907270000e+06 1.4584200000e+05)
911(2.8000000000e-14 3.9977850000e+06 1.4818950000e+06)
912(5.0000000000e-15 2.1111640000e+06 7.4357180000e+06)
913(7.0000000000e-15 6.9408680000e+06 4.4026750000e+06)
914(3.2000000000e-14 1.0886820000e+06 5.4382050000e+06)
915(4.0000000000e-15 1.9246900000e+05 5.6431250000e+06)
916(5.0000000000e-15 1.8472230000e+06 5.5246310000e+06)
917(1.8000000000e-14 1.1210500000e+05 5.9119100000e+06)
918(2.6000000000e-14 9.9894200000e+05 2.2820620000e+06)
919(2.8000000000e-14 1.6509880000e+06 3.7730000000e+06)
920(7.0000000000e-15 5.9719500000e+06 4.2565070000e+06)
921(9.0000000000e-15 3.6935260000e+06 5.2376390000e+06)
922(6.0000000000e-15 3.9348990000e+06 2.4395170000e+06)
923(2.2000000000e-14 4.0518110000e+06 4.0189260000e+06)
924(2.7000000000e-14 3.0807290000e+06 5.1072340000e+06)
925(1.1000000000e-14 2.4034700000e+05 7.2914380000e+06)
926(2.7000000000e-14 3.9699040000e+06 2.0775830000e+06)
927(1.5000000000e-14 2.2033110000e+06 5.7676550000e+06)
928(9.0000000000e-15 1.2140570000e+06 3.2884920000e+06)
929(3.1000000000e-14 3.9281590000e+06 6.1213220000e+06)
930(1.4000000000e-14 3.0218270000e+06 7.1340260000e+06)
931(1.5000000000e-14 2.7746700000e+05 4.5800190000e+06)
932(3.0000000000e-15 3.4911880000e+06 1.5364500000e+06)
933(3.1000000000e-14 6.4071980000e+06 4.9887620000e+06)
934(4.0000000000e-15 4.0044940000e+06 4.2343280000e+06)
935(4.0000000000e-15 1.2917530000e+06 1.7376200000e+05)
936(1.9000000000e-14 5.3730350000e+06 5.4223530000e+06)
937(2.9000000000e-14 1.7107990000e+06 3.4652740000e+06)
938(2.7000000000e-14 1.6262160000e+06 6.7392000000e+04)
939(1.5000000000e-14 6.1113000000e+05 7.1957800000e+06)
940(1.7000000000e-14 4.3997520000e+06 4.8836770000e+06)
941(2.9000000000e-14 4.5409610000e+06 7.2301520000e+06)
942(2.9000000000e-14 1.5432790000e+06 5.7841010000e+06)
943(4.0000000000e-15 2.8339840000e+06 3.3655470000e+06)
944(6.0000000000e-15 6.9466330000e+06 4.4093830000e+06)
945(2.2000000000e-14 3.7319540000e+06 8.8724800000e+05)
946(7.0000000000e-15 7.0794560000e+06 6.1043010000e+06)
947(2.1000000000e-14 6.4349580000e+06 5.4835170000e+06)
948(1.9000000000e-14 1.2306490000e+06 2.3267480000e+06)
949(2.5000000000e-14 3.5951900000e+05 9.3115000000e+04)
950(2.6000000000e-14 9.0633700000e+05 7.1066220000e+06)
951(3.0000000000e-15 7.6993200000e+05 7.4145720000e+06)
952(2.6000000000e-14 7.3793540000e+06 6.2497900000e+06)
953(3.2000000000e-14 4.6942390000e+06 7.2384230000e+06)
954(1.6000000000e-14 2.7045840000e+06 2.8599650000e+06)
955(3.0000000000e-14 3.0134420000e+06 4.6877420000e+06)
956(1.3000000000e-14 3.2217990000e+06 1.6297270000e+06)
957(2.5000000000e-14 1.3273780000e+06 1.3623990000e+06)
958(2.3000000000e-14 1.7079500000e+06 1.8132090000e+06)
959(3.0000000000e-14 2.7707440000e+06 5.5409080000e+06)
960(3.1000000000e-14 4.5094660000e+06 5.4157240000e+06)
961(1.5000000000e-14 2.7661100000e+05 7.7089130000e+06)
962(1.4000000000e-14 2.1312760000e+06 1.7148880000e+06)
963(1.4000000000e-14 2.9567600000e+05 1.7429090000e+06)
964(2.0000000000e-14 4.4828820000e+06 5.1515170000e+06)
965(5.0000000000e-15 3.7496070000e+06 8.4845000000e+04)
966(1.5000000000e-14 1.8988240000e+06 4.9120020000e+06)
967(1.3000000000e-14 1.5149480000e+06 3.0830530000e+06)
968(4.0000000000e-15 7.9792140000e+06 6.6091670000e+06)
969(1.9000000000e-14 4.9424010000e+06 4.8124260000e+06)
970(6.0000000000e-15 2.1141620000e+06 4.5178910000e+06)
971(2.1000000000e-14 2.6068270000e+06 7.3313860000e+06)
972(2.1000000000e-14 5.2813660000e+06 4.4474970000e+06)
973(1.8000000000e-14 7.1792430000e+06 6.6020450000e+06)
974(2.2000000000e-14 5.4038100000e+05 2.5387650000e+06)
975(3.0000000000e-14 1.7065550000e+06 3.9933830000e+06)
976(2.7000000000e-14 3.9313780000e+06 3.1644410000e+06)
977(2.5000000000e-14 5.5750460000e+06 6.4197420000e+06)
978(1.4000000000e-14 3.2955070000e+06 6.8156230000e+06)
979(2.8000000000e-14 2.7598530000e+06 2.5308410000e+06)
980(3.0000000000e-14 3.9628510000e+06 5.4047330000e+06)
981(1.1000000000e-14 2.1192440000e+06 7.0479850000e+06)
982(1.7000000000e-14 7.4612690000e+06 5.5981860000e+06)
983(2.4000000000e-14 3.5309030000e+06 3.5968080000e+06)
984(5.0000000000e-15 5.6949640000e+06 7.9508980000e+06)
985(3.0000000000e-15 5.5455390000e+06 4.5213640000e+06)
986(2.1000000000e-14 7.3366500000e+05 5.0968150000e+06)
987(2.8000000000e-14 4.6262850000e+06 5.6384710000e+06)
988(1.4000000000e-14 1.4422190000e+06 9.1968700000e+05)
989(1.2000000000e-14 1.5919200000e+06 1.7905150000e+06)
990(4.0000000000e-15 3.9043530000e+06 3.1315140000e+06)
991(1.0000000000e-14 7.2642600000e+05 6.6887740000e+06)
992(3.0000000000e-14 2.5861660000e+06 1.6789270000e+06)
993(1.3000000000e-14 2.9501950000e+06 1.0031530000e+06)
994(9.0000000000e-15 4.4594090000e+06 7.8643430000e+06)
995(1.8000000000e-14 2.0330500000e+05 5.4713340000e+06)
996(1.2000000000e-14 2.5259410000e+06 3.6227680000e+06)
997(4.0000000000e-15 2.7236170000e+06 4.0363070000e+06)
998(1.8000000000e-14 5.5983970000e+06 5.2731760000e+06)
999(1.7000000000e-14 5.9688850000e+06 6.4563140000e+06)
1000(1.8000000000e-14 1.0518150000e+06 5.1962750000e+06)
1001(1.2000000000e-14 2.5155520000e+06 6.3478910000e+06)
1002(1.2000000000e-14 2.5355520000e+06 6.3478910000e+06)
1003(1.2000000000e-14 2.5555520000e+06 6.3478910000e+06)
1004(1.2000000000e-14 2.5755520000e+06 6.3478910000e+06)
1005(1.2000000000e-14 2.5955520000e+06 6.3478910000e+06)
1006(1.2000000000e-14 2.6155520000e+06 6.3478910000e+06)
1007(1.2000000000e-14 2.6355520000e+06 6.3478910000e+06)
1008(1.2000000000e-14 2.6555520000e+06 6.3478910000e+06)
1009(1.2000000000e-14 2.6955520000e+06 6.3478910000e+06)
1010(1.2000000000e-14 2.7155520000e+06 6.3478910000e+06)
1011(1.2000000000e-14 2.7555520000e+06 6.3478910000e+06)
1012(1.2000000000e-14 2.7755520000e+06 6.3478910000e+06)
1013(1.2000000000e-14 2.7955520000e+06 6.3478910000e+06)
1014(1.2000000000e-14 2.8155520000e+06 6.3478910000e+06)
1015(1.2000000000e-14 2.8355520000e+06 6.3478910000e+06)
1016(1.2000000000e-14 2.8555520000e+06 6.3478910000e+06)
1017(1.2000000000e-14 2.8755520000e+06 6.3478910000e+06)
1018(1.2000000000e-14 2.8955520000e+06 6.3478910000e+06)
1019(1.2000000000e-14 2.9155520000e+06 6.3478910000e+06)
1020(1.2000000000e-14 2.9355520000e+06 6.3478910000e+06)
1021(1.2000000000e-14 2.9555520000e+06 6.3478910000e+06)
1022(1.2000000000e-14 2.9755520000e+06 6.3478910000e+06)
1023(1.2000000000e-14 2.9955520000e+06 6.3478910000e+06)
1024(1.2000000000e-14 3.0155520000e+06 6.3478910000e+06)
1025(1.2000000000e-14 3.0955520000e+06 6.3478910000e+06)
1026(1.2000000000e-14 3.1155520000e+06 6.3478910000e+06)
1027(1.2000000000e-14 3.1355520000e+06 6.3478910000e+06)
1028(1.2000000000e-14 3.1555520000e+06 6.3478910000e+06)
1029(1.2000000000e-14 3.1955520000e+06 6.3478910000e+06)
1030(1.2000000000e-14 3.2155520000e+06 6.3478910000e+06)
1031(1.2000000000e-14 3.2355520000e+06 6.3478910000e+06)
1032(1.2000000000e-14 3.2555520000e+06 6.3478910000e+06)
1033(1.2000000000e-14 3.2755520000e+06 6.3478910000e+06)
1034(1.2000000000e-14 3.2955520000e+06 6.3478910000e+06)
1035(1.2000000000e-14 3.3155520000e+06 6.3478910000e+06)
1036(1.2000000000e-14 3.3355520000e+06 6.3478910000e+06)
1037(1.2000000000e-14 3.3555520000e+06 6.3478910000e+06)
1038(1.2000000000e-14 3.3755520000e+06 6.3478910000e+06)
1039(1.2000000000e-14 3.3955520000e+06 6.3478910000e+06)
1040(1.2000000000e-14 3.4155520000e+06 6.3478910000e+06)
1041(1.2000000000e-14 3.4355520000e+06 6.3478910000e+06)
1042(1.2000000000e-14 3.4555520000e+06 6.3478910000e+06)
1043(1.2000000000e-14 3.4755520000e+06 6.3478910000e+06)
1044(1.2000000000e-14 3.4955520000e+06 6.3478910000e+06)
1045(1.2000000000e-14 3.5155520000e+06 6.3478910000e+06)
1046(1.2000000000e-14 3.5355520000e+06 6.3478910000e+06)
1047(1.2000000000e-14 3.5555520000e+06 6.3478910000e+06)
1048(1.2000000000e-14 3.5755520000e+06 6.3478910000e+06)
1049(1.2000000000e-14 3.5955520000e+06 6.3478910000e+06)
1050(1.2000000000e-14 3.6155520000e+06 6.3478910000e+06)
1051(1.2000000000e-14 3.6355520000e+06 6.3478910000e+06)
1052(1.2000000000e-14 3.6555520000e+06 6.3478910000e+06)
1053(1.2000000000e-14 3.6755520000e+06 6.3478910000e+06)
1054(1.2000000000e-14 2.5155520000e+06 6.2301040000e+06)
1055(1.2000000000e-14 2.5355520000e+06 6.2301040000e+06)
1056(1.2000000000e-14 2.5555520000e+06 6.2301040000e+06)
1057(1.2000000000e-14 2.5755520000e+06 6.2301040000e+06)
1058(1.2000000000e-14 2.5955520000e+06 6.2301040000e+06)
1059(1.2000000000e-14 2.6155520000e+06 6.2301040000e+06)
1060(1.2000000000e-14 2.6355520000e+06 6.2301040000e+06)
1061(1.2000000000e-14 2.6555520000e+06 6.2301040000e+06)
1062(1.2000000000e-14 2.6755520000e+06 6.2301040000e+06)
1063(1.2000000000e-14 2.6955520000e+06 6.2301040000e+06)
1064(1.2000000000e-14 2.7155520000e+06 6.2301040000e+06)
1065(1.2000000000e-14 2.7555520000e+06 6.2301040000e+06)
1066(1.2000000000e-14 2.7755520000e+06 6.2301040000e+06)
1067(1.2000000000e-14 2.7955520000e+06 6.2301040000e+06)
1068(1.2000000000e-14 2.8155520000e+06 6.2301040000e+06)
1069(1.2000000000e-14 2.8355520000e+06 6.2301040000e+06)
1070(1.2000000000e-14 2.8555520000e+06 6.2301040000e+06)
1071(1.2000000000e-14 2.8755520000e+06 6.2301040000e+06)
1072(1.2000000000e-14 2.8955520000e+06 6.2301040000e+06)
1073(1.2000000000e-14 2.9155520000e+06 6.2301040000e+06)
1074(1.2000000000e-14 2.9355520000e+06 6.2301040000e+06)
1075(1.2000000000e-14 2.9955520000e+06 6.2301040000e+06)
1076(1.2000000000e-14 3.0155520000e+06 6.2301040000e+06)
1077(1.2000000000e-14 3.0355520000e+06 6.2301040000e+06)
1078(1.2000000000e-14 3.0555520000e+06 6.2301040000e+06)
1079(1.2000000000e-14 3.0755520000e+06 6.2301040000e+06)
1080(1.2000000000e-14 3.0955520000e+06 6.2301040000e+06)
1081(1.2000000000e-14 3.1155520000e+06 6.2301040000e+06)
1082(1.2000000000e-14 3.1355520000e+06 6.2301040000e+06)
1083(1.2000000000e-14 3.1555520000e+06 6.2301040000e+06)
1084(1.2000000000e-14 3.1755520000e+06 6.2301040000e+06)
1085(1.2000000000e-14 3.1955520000e+06 6.2301040000e+06)
1086(1.2000000000e-14 3.2155520000e+06 6.2301040000e+06)
1087(1.2000000000e-14 3.2355520000e+06 6.2301040000e+06)
1088(1.2000000000e-14 3.2555520000e+06 6.2301040000e+06)
1089(1.2000000000e-14 3.2755520000e+06 6.2301040000e+06)
1090(1.2000000000e-14 3.3355520000e+06 6.2301040000e+06)
1091(1.2000000000e-14 3.3555520000e+06 6.2301040000e+06)
1092(1.2000000000e-14 3.3755520000e+06 6.2301040000e+06)
1093(1.2000000000e-14 3.3955520000e+06 6.2301040000e+06)
1094(1.2000000000e-14 3.4155520000e+06 6.2301040000e+06)
1095(1.2000000000e-14 3.4355520000e+06 6.2301040000e+06)
1096(1.2000000000e-14 3.4555520000e+06 6.2301040000e+06)
1097(1.2000000000e-14 3.4755520000e+06 6.2301040000e+06)
1098(1.2000000000e-14 3.4955520000e+06 6.2301040000e+06)
1099(1.2000000000e-14 3.5155520000e+06 6.2301040000e+06)
1100(1.2000000000e-14 3.5355520000e+06 6.2301040000e+06)
1101(1.2000000000e-14 3.5555520000e+06 6.2301040000e+06)
1102(1.2000000000e-14 3.5755520000e+06 6.2301040000e+06)
1103(1.2000000000e-14 3.5955520000e+06 6.2301040000e+06)
1104(1.2000000000e-14 3.6355520000e+06 6.2301040000e+06)
1105(1.2000000000e-14 3.6555520000e+06 6.2301040000e+06)
1106(1.2000000000e-14 3.6755520000e+06 6.2301040000e+06)
1107(1.2000000000e-14 3.6955520000e+06 6.2301040000e+06)
