1(2.0000000000e-14 2.4617600000e+06 7.1265310000e+06)
2(2.4000000000e-14 3.9465290000e+06 4.6989070000e+06)
3(3.0000000000e-14 4.5173600000e+05 2.8878410000e+06)
4(1.6000000000e-14 3.1487910000e+06 3.8517540000e+06)
5(5.0000000000e-15 2.0248990000e+06 1.8403670000e+06)
6(1.8000000000e-14 4.8130300000e+05 2.2479270000e+06)
7(1.8000000000e-14 2.0283280000e+06 4.1015150000e+06)
8(1.0000000000e-14 4.0794890000e+06 4.2533280000e+06)
9(2.3000000000e-14 3.6737820000e+06 4.8087770000e+06)
10(5.0000000000e-15 8.3285800000e+05 7.0124500000e+05)
11(3.1000000000e-14 1.0719560000e+06 4.0946040000e+06)
12(9.0000000000e-15 1.5513300000e+05 7.0827370000e+06)
13(2.2000000000e-14 2.5913300000e+05 4.4072400000e+06)
14(1.5000000000e-14 3.2003520000e+06 3.7417420000e+06)
15(2.1000000000e-14 5.6053360000e+06 5.8541870000e+06)
16(3.2000000000e-14 1.8313900000e+05 3.6013940000e+06)
