1(2.5000000000e-16 2.9322000000e+07 4.1420000000e+07)
2(2.5000000000e-16 2.6208000000e+07 5.1579000000e+07)
3(2.5000000000e-16 3.5565000000e+07 6.1661000000e+07)
4(2.5000000000e-16 3.6852000000e+07 6.4281000000e+07)
5(2.5000000000e-16 3.3416000000e+07 6.2525000000e+07)
6(2.5000000000e-16 3.6915000000e+07 6.7124000000e+07)
7(2.5000000000e-16 3.2275000000e+07 5.8078000000e+07)
8(2.5000000000e-16 3.0591000000e+07 6.7258000000e+07)
9(2.5000000000e-16 3.3180000000e+07 6.1229000000e+07)
10(2.5000000000e-16 4.3063000000e+07 6.9393000000e+07)
11(2.5000000000e-16 3.6871000000e+07 6.1100000000e+07)
12(2.5000000000e-16 4.3027000000e+07 6.1273000000e+07)
13(2.5000000000e-16 5.1342000000e+07 6.0304000000e+07)
14(2.5000000000e-16 4.8402000000e+07 5.0963000000e+07)
15(2.5000000000e-16 4.7169000000e+07 4.8731000000e+07)
16(2.5000000000e-16 5.2320000000e+07 3.9499000000e+07)
17(2.5000000000e-16 5.3329000000e+07 3.6125000000e+07)
18(2.5000000000e-16 5.0974000000e+07 4.1565000000e+07)
19(2.5000000000e-16 5.4258000000e+07 3.9095000000e+07)
20(2.5000000000e-16 6.3990000000e+07 3.6007000000e+07)
21(2.5000000000e-16 5.7164000000e+07 3.7226000000e+07)
22(2.5000000000e-16 5.2707000000e+07 3.4101000000e+07)
23(2.5000000000e-16 4.9281000000e+07 2.8791000000e+07)
24(2.5000000000e-16 4.6469000000e+07 3.1039000000e+07)
25(2.5000000000e-16 3.7908000000e+07 2.1556000000e+07)
26(2.5000000000e-16 3.4929000000e+07 2.7721000000e+07)
27(2.5000000000e-16 3.4185000000e+07 2.4396000000e+07)
28(2.5000000000e-16 3.7959000000e+07 2.9214000000e+07)
29(2.5000000000e-16 4.4933000000e+07 2.6816000000e+07)
30(2.5000000000e-16 4.1203000000e+07 2.3650000000e+07)
31(2.5000000000e-16 4.7123000000e+07 2.5155000000e+07)
32(2.5000000000e-16 4.5869000000e+07 3.2701000000e+07)
33(2.5000000000e-16 4.9001000000e+07 2.6323000000e+07)
34(2.5000000000e-16 4.5937000000e+07 2.7631000000e+07)
35(2.5000000000e-16 3.7881000000e+07 3.0877000000e+07)
36(2.5000000000e-16 3.3099000000e+07 2.0646000000e+07)
37(2.5000000000e-16 3.2858000000e+07 2.0169000000e+07)
38(2.5000000000e-16 2.3282000000e+07 1.2967000000e+07)
39(2.5000000000e-16 2.0313000000e+07 2.3235000000e+07)
40(2.5000000000e-16 1.0979000000e+07 1.9275000000e+07)
41(2.5000000000e-16 2.6910000000e+06 1.0735000000e+07)
42(2.5000000000e-16 1.4975000000e+07 1.1439000000e+07)
43(2.5000000000e-16 1.8590000000e+07 4.7760000000e+06)
44(2.5000000000e-16 2.6532000000e+07 1.1268000000e+07)
45(2.5000000000e-16 3.0550000000e+07 1.4482000000e+07)
46(2.5000000000e-16 3.1657000000e+07 2.3412000000e+07)
47(2.5000000000e-16 2.5519000000e+07 2.1602000000e+07)
48(2.5000000000e-16 1.9310000000e+07 2.0716000000e+07)
49(2.5000000000e-16 2.8348000000e+07 2.7359000000e+07)
50(2.5000000000e-16 1.8734000000e+07 3.5167000000e+07)
51(2.5000000000e-16 1.8801000000e+07 4.5185000000e+07)
52(2.5000000000e-16 1.9553000000e+07 4.9180000000e+07)
53(2.5000000000e-16 1.8037000000e+07 4.6291000000e+07)
54(2.5000000000e-16 1.8373000000e+07 4.0844000000e+07)
55(2.5000000000e-16 1.1369000000e+07 4.9912000000e+07)
56(2.5000000000e-16 1.0771000000e+07 4.9588000000e+07)
57(2.5000000000e-16 1.6846000000e+07 5.3625000000e+07)
58(2.5000000000e-16 1.8616000000e+07 6.1952000000e+07)
59(2.5000000000e-16 1.9377000000e+07 6.6777000000e+07)
60(2.5000000000e-16 1.8899000000e+07 6.8190000000e+07)
61(2.5000000000e-16 2.3722000000e+07 6.2268000000e+07)
62(2.5000000000e-16 1.4803000000e+07 6.8309000000e+07)
63(2.5000000000e-16 2.4346000000e+07 6.1900000000e+07)
64(2.5000000000e-16 1.4186000000e+07 6.7231000000e+07)
65(2.5000000000e-16 1.6594000000e+07 5.6976000000e+07)
66(2.5000000000e-16 2.4284000000e+07 5.6762000000e+07)
67(2.5000000000e-16 1.4687000000e+07 5.2123000000e+07)
68(2.5000000000e-16 1.7493000000e+07 5.9751000000e+07)
69(2.5000000000e-16 2.1314000000e+07 5.7535000000e+07)
70(2.5000000000e-16 2.2295000000e+07 6.5445000000e+07)
71(2.5000000000e-16 1.7744000000e+07 6.4065000000e+07)
72(2.5000000000e-16 2.8181000000e+07 6.4757000000e+07)
73(2.5000000000e-16 2.6101000000e+07 6.4261000000e+07)
74(2.5000000000e-16 1.9115000000e+07 6.4343000000e+07)
75(2.5000000000e-16 1.2274000000e+07 5.8152000000e+07)
76(2.5000000000e-16 4.1470000000e+06 5.0448000000e+07)
77(2.5000000000e-16 1.1262000000e+07 4.3646000000e+07)
78(2.5000000000e-16 1.4453000000e+07 5.0146000000e+07)
79(2.5000000000e-16 1.7900000000e+07 4.9969000000e+07)
80(2.5000000000e-16 1.7969000000e+07 4.0273000000e+07)
81(2.5000000000e-16 1.1910000000e+07 3.6524000000e+07)
82(2.5000000000e-16 7.5400000000e+06 3.2712000000e+07)
83(2.5000000000e-16 5.8870000000e+06 3.7318000000e+07)
84(2.5000000000e-16 1.2698000000e+07 4.5436000000e+07)
85(2.5000000000e-16 1.8596000000e+07 3.6216000000e+07)
86(2.5000000000e-16 2.8577000000e+07 2.9368000000e+07)
87(2.5000000000e-16 3.1927000000e+07 3.3781000000e+07)
88(2.5000000000e-16 3.4505000000e+07 3.0886000000e+07)
89(2.5000000000e-16 3.3439000000e+07 2.0939000000e+07)
90(2.5000000000e-16 3.7119000000e+07 2.1558000000e+07)
91(2.5000000000e-16 4.2956000000e+07 2.6616000000e+07)
92(2.5000000000e-16 4.2683000000e+07 1.6807000000e+07)
93(2.5000000000e-16 5.0614000000e+07 1.2885000000e+07)
94(2.5000000000e-16 5.9105000000e+07 2.1659000000e+07)
95(2.5000000000e-16 6.0852000000e+07 2.5831000000e+07)
96(2.5000000000e-16 6.0744000000e+07 2.9484000000e+07)
97(2.5000000000e-16 6.2249000000e+07 2.5988000000e+07)
98(2.5000000000e-16 6.7490000000e+07 3.5566000000e+07)
99(2.5000000000e-16 6.9048000000e+07 3.3581000000e+07)
100(2.5000000000e-16 6.4076000000e+07 2.4777000000e+07)
101(2.5000000000e-16 5.4837000000e+07 3.2306000000e+07)
102(2.5000000000e-16 6.5175000000e+07 2.9064000000e+07)
103(2.5000000000e-16 5.8141000000e+07 2.3253000000e+07)
104(2.5000000000e-16 5.1409000000e+07 1.5433000000e+07)
105(2.5000000000e-16 4.1313000000e+07 1.9857000000e+07)
106(2.5000000000e-16 5.0132000000e+07 1.4390000000e+07)
107(2.5000000000e-16 6.0515000000e+07 2.1681000000e+07)
108(2.5000000000e-16 6.5585000000e+07 2.6084000000e+07)
109(2.5000000000e-16 6.8893000000e+07 2.8950000000e+07)
110(2.5000000000e-16 5.9539000000e+07 2.0954000000e+07)
111(2.5000000000e-16 6.5830000000e+07 1.4569000000e+07)
112(2.5000000000e-16 5.8914000000e+07 8.0210000000e+06)
113(2.5000000000e-16 6.3541000000e+07 8.6970000000e+06)
114(2.5000000000e-16 6.1682000000e+07 1.2464000000e+07)
115(2.5000000000e-16 5.5258000000e+07 1.4834000000e+07)
116(2.5000000000e-16 5.7828000000e+07 1.5523000000e+07)
117(2.5000000000e-16 6.2073000000e+07 1.6095000000e+07)
118(2.5000000000e-16 5.3698000000e+07 1.2028000000e+07)
119(2.5000000000e-16 5.3377000000e+07 6.4020000000e+06)
120(2.5000000000e-16 4.8326000000e+07 6.9430000000e+06)
121(2.5000000000e-16 4.0239000000e+07 2.7660000000e+06)
122(2.5000000000e-16 4.7147000000e+07 7.8950000000e+06)
123(2.5000000000e-16 5.5306000000e+07 2.0220000000e+06)
124(2.5000000000e-16 4.8404000000e+07 1.2720000000e+07)
125(2.5000000000e-16 5.0119000000e+07 1.9491000000e+07)
126(2.5000000000e-16 5.4375000000e+07 1.8333000000e+07)
127(2.5000000000e-16 4.5204000000e+07 1.0920000000e+07)
128(2.5000000000e-16 4.0398000000e+07 5.9280000000e+06)
129(2.5000000000e-16 3.3860000000e+07 1.5681000000e+07)
130(2.5000000000e-16 3.8956000000e+07 5.3170000000e+06)
131(2.5000000000e-16 3.7189000000e+07 2.5450000000e+06)
132(2.5000000000e-16 3.2671000000e+07 1.9949000000e+07)
133(2.5000000000e-16 2.9353000000e+07 2.7060000000e+07)
134(2.5000000000e-16 3.5934000000e+07 1.6772000000e+07)
135(2.5000000000e-16 4.3881000000e+07 1.8696000000e+07)
136(2.5000000000e-16 4.5064000000e+07 1.4377000000e+07)
137(2.5000000000e-16 5.0672000000e+07 1.1386000000e+07)
138(2.5000000000e-16 5.0776000000e+07 1.4087000000e+07)
139(2.5000000000e-16 5.1807000000e+07 2.0748000000e+07)
140(2.5000000000e-16 5.8638000000e+07 2.2006000000e+07)
141(2.5000000000e-16 5.7214000000e+07 3.1995000000e+07)
142(2.5000000000e-16 5.0301000000e+07 2.6968000000e+07)
143(2.5000000000e-16 4.5796000000e+07 2.9121000000e+07)
144(2.5000000000e-16 4.5722000000e+07 2.7356000000e+07)
145(2.5000000000e-16 4.1803000000e+07 2.3038000000e+07)
146(2.5000000000e-16 5.1310000000e+07 3.0400000000e+07)
147(2.5000000000e-16 4.1584000000e+07 3.2871000000e+07)
148(2.5000000000e-16 3.6710000000e+07 2.4947000000e+07)
149(2.5000000000e-16 4.2195000000e+07 2.8551000000e+07)
150(2.5000000000e-16 3.1723000000e+07 2.8486000000e+07)
151(2.5000000000e-16 2.6428000000e+07 3.7495000000e+07)
152(2.5000000000e-16 2.8855000000e+07 2.9094000000e+07)
153(2.5000000000e-16 3.7958000000e+07 2.6686000000e+07)
154(2.5000000000e-16 2.9348000000e+07 3.4701000000e+07)
155(2.5000000000e-16 2.4235000000e+07 2.8299000000e+07)
156(2.5000000000e-16 1.4042000000e+07 2.0903000000e+07)
157(2.5000000000e-16 4.9490000000e+06 1.4280000000e+07)
158(2.5000000000e-16 1.0014000000e+07 1.3282000000e+07)
159(2.5000000000e-16 1.0822000000e+07 7.2700000000e+06)
160(2.5000000000e-16 8.1160000000e+06 4.5120000000e+06)
161(2.5000000000e-16 1.6521000000e+07 9.7160000000e+06)
162(2.5000000000e-16 9.7620000000e+06 1.6440000000e+06)
163(2.5000000000e-16 1.7430000000e+07 2.4600000000e+05)
164(2.5000000000e-16 8.7040000000e+06 2.1350000000e+06)
165(2.5000000000e-16 1.5850000000e+07 7.5200000000e+06)
166(2.5000000000e-16 2.0459000000e+07 7.8270000000e+06)
167(2.5000000000e-16 2.1189000000e+07 9.2340000000e+06)
168(2.5000000000e-16 3.1010000000e+07 1.9246000000e+07)
169(2.5000000000e-16 3.1496000000e+07 1.7820000000e+07)
170(2.5000000000e-16 3.6752000000e+07 2.4185000000e+07)
171(2.5000000000e-16 3.6212000000e+07 2.6073000000e+07)
172(2.5000000000e-16 2.8387000000e+07 3.1700000000e+07)
173(2.5000000000e-16 3.6373000000e+07 3.3758000000e+07)
174(2.5000000000e-16 2.6261000000e+07 3.7589000000e+07)
175(2.5000000000e-16 1.6567000000e+07 3.6272000000e+07)
176(2.5000000000e-16 1.1387000000e+07 2.9065000000e+07)
177(2.5000000000e-16 1.3824000000e+07 3.3085000000e+07)
178(2.5000000000e-16 6.7540000000e+06 3.6426000000e+07)
179(2.5000000000e-16 3.4230000000e+06 2.9754000000e+07)
180(2.5000000000e-16 7.9030000000e+06 3.8834000000e+07)
181(2.5000000000e-16 1.6896000000e+07 3.6876000000e+07)
182(2.5000000000e-16 2.1005000000e+07 3.7592000000e+07)
183(2.5000000000e-16 2.4471000000e+07 3.5793000000e+07)
184(2.5000000000e-16 2.7540000000e+07 3.4381000000e+07)
185(2.5000000000e-16 3.2348000000e+07 3.3774000000e+07)
186(2.5000000000e-16 2.5418000000e+07 3.8486000000e+07)
187(2.5000000000e-16 3.5578000000e+07 3.5136000000e+07)
188(2.5000000000e-16 3.0065000000e+07 3.5215000000e+07)
189(2.5000000000e-16 2.8128000000e+07 3.8717000000e+07)
190(2.5000000000e-16 1.7841000000e+07 2.9124000000e+07)
191(2.5000000000e-16 1.6069000000e+07 3.6425000000e+07)
192(2.5000000000e-16 1.4200000000e+07 3.7335000000e+07)
193(2.5000000000e-16 7.3630000000e+06 3.1212000000e+07)
194(2.5000000000e-16 1.1251000000e+07 3.8654000000e+07)
195(2.5000000000e-16 1.2923000000e+07 4.0405000000e+07)
196(2.5000000000e-16 3.6990000000e+06 4.5725000000e+07)
197(2.5000000000e-16 1.4669000000e+07 5.0705000000e+07)
198(2.5000000000e-16 4.7540000000e+06 6.0670000000e+07)
199(2.5000000000e-16 3.3900000000e+05 5.7747000000e+07)
200(2.5000000000e-16 3.9210000000e+06 5.5489000000e+07)
201(2.5000000000e-16 6.0840000000e+06 6.1957000000e+07)
202(2.5000000000e-16 1.6788000000e+07 5.5517000000e+07)
203(2.5000000000e-16 2.3996000000e+07 5.3280000000e+07)
204(2.5000000000e-16 1.9824000000e+07 6.2291000000e+07)
205(2.5000000000e-16 1.3359000000e+07 6.1049000000e+07)
206(2.5000000000e-16 1.4495000000e+07 6.1619000000e+07)
207(2.5000000000e-16 1.7444000000e+07 5.6178000000e+07)
208(2.5000000000e-16 8.3550000000e+06 5.1892000000e+07)
209(2.5000000000e-16 2.0951000000e+07 4.7946000000e+07)
210(2.5000000000e-16 2.2946000000e+07 4.7920000000e+07)
211(2.5000000000e-16 1.7388000000e+07 5.3977000000e+07)
212(2.5000000000e-16 2.2079000000e+07 5.5824000000e+07)
213(2.5000000000e-16 2.7429000000e+07 5.4379000000e+07)
214(2.5000000000e-16 3.7813000000e+07 5.9260000000e+07)
215(2.5000000000e-16 2.9175000000e+07 6.8176000000e+07)
216(2.5000000000e-16 3.4766000000e+07 6.3569000000e+07)
217(2.5000000000e-16 2.8406000000e+07 5.5085000000e+07)
218(2.5000000000e-16 2.5576000000e+07 4.8498000000e+07)
219(2.5000000000e-16 2.5742000000e+07 4.1862000000e+07)
220(2.5000000000e-16 1.5933000000e+07 4.7718000000e+07)
221(2.5000000000e-16 2.5390000000e+07 3.7519000000e+07)
222(2.5000000000e-16 2.9081000000e+07 4.2508000000e+07)
223(2.5000000000e-16 3.1606000000e+07 4.2348000000e+07)
224(2.5000000000e-16 4.1227000000e+07 4.2072000000e+07)
225(2.5000000000e-16 3.5457000000e+07 4.3657000000e+07)
226(2.5000000000e-16 2.4980000000e+07 4.0333000000e+07)
227(2.5000000000e-16 2.1755000000e+07 4.1148000000e+07)
228(2.5000000000e-16 3.1411000000e+07 4.9630000000e+07)
229(2.5000000000e-16 3.9162000000e+07 4.7779000000e+07)
230(2.5000000000e-16 3.0559000000e+07 4.6618000000e+07)
231(2.5000000000e-16 3.7077000000e+07 4.4413000000e+07)
232(2.5000000000e-16 3.3273000000e+07 3.5400000000e+07)
233(2.5000000000e-16 3.1494000000e+07 3.9410000000e+07)
234(2.5000000000e-16 4.0795000000e+07 4.2540000000e+07)
235(2.5000000000e-16 3.4557000000e+07 5.0399000000e+07)
236(2.5000000000e-16 3.2197000000e+07 5.8280000000e+07)
237(2.5000000000e-16 2.2767000000e+07 5.2438000000e+07)
238(2.5000000000e-16 2.9768000000e+07 4.5752000000e+07)
239(2.5000000000e-16 3.6110000000e+07 3.6317000000e+07)
240(2.5000000000e-16 4.5656000000e+07 2.8778000000e+07)
241(2.5000000000e-16 5.3762000000e+07 3.8253000000e+07)
242(2.5000000000e-16 6.0727000000e+07 3.3427000000e+07)
243(2.5000000000e-16 6.0409000000e+07 3.7320000000e+07)
244(2.5000000000e-16 6.3783000000e+07 4.0013000000e+07)
245(2.5000000000e-16 5.9184000000e+07 4.6967000000e+07)
246(2.5000000000e-16 6.1092000000e+07 4.1063000000e+07)
247(2.5000000000e-16 5.3900000000e+07 3.6229000000e+07)
248(2.5000000000e-16 4.9464000000e+07 2.7895000000e+07)
249(2.5000000000e-16 4.5496000000e+07 3.6400000000e+07)
250(2.5000000000e-16 5.0645000000e+07 4.3950000000e+07)
251(2.5000000000e-16 5.3248000000e+07 4.9106000000e+07)
252(2.5000000000e-16 6.1601000000e+07 5.0727000000e+07)
253(2.5000000000e-16 5.5679000000e+07 4.2163000000e+07)
254(2.5000000000e-16 5.1010000000e+07 4.8097000000e+07)
255(2.5000000000e-16 6.0715000000e+07 4.0446000000e+07)
256(2.5000000000e-16 6.0522000000e+07 4.5200000000e+07)
257(2.5000000000e-16 6.9101000000e+07 5.3532000000e+07)
258(2.5000000000e-16 6.5564000000e+07 4.6931000000e+07)
259(2.5000000000e-16 6.1758000000e+07 4.6860000000e+07)
260(2.5000000000e-16 5.7556000000e+07 4.1438000000e+07)
261(2.5000000000e-16 5.4718000000e+07 4.9116000000e+07)
262(2.5000000000e-16 5.1462000000e+07 5.4647000000e+07)
263(2.5000000000e-16 5.3460000000e+07 4.4267000000e+07)
264(2.5000000000e-16 5.4104000000e+07 3.9717000000e+07)
265(2.5000000000e-16 4.5589000000e+07 3.4372000000e+07)
266(2.5000000000e-16 4.5369000000e+07 3.9964000000e+07)
267(2.5000000000e-16 3.7039000000e+07 4.4611000000e+07)
